Lenna.jpeg
21098974
16730130
15903740
15939585
16451787
16896510
21040011
16504798
16986041
18972830
17127134
18310102
16485939
16200837
17745444
16383816
16925674
18135648
16327782
16054517
16300218
16087262
15825855
17238152
19413776
17262850
17722091
16384888
16479752
16350705
18284938
16970011
16807390
16632432
16222770
17894439
16885218
16885642
16342014
16831840
16147135
16634025
18159756
20128999
16012062
17476188
15745598
18333607
17239862
17302649
15777087
19914740
16577805
20806296
17428151
18503199
16103025
16327338
16472244
18021607
16620559
19205532
16582676
16262075
17640497
15693311
22005959
17197109
17396331
16820854
15986813
16725374
20688766
15779370
18524529
16729691
16854390
16333297
16833403
18314416
22139902
16576560
23020559
16280979
18966551
16845369
15702318
16177281
17651833
16300578
16201065
21854777
16586093
19021990
15949940
17327658
16013058
18823869
16690308
19071087
15912682
16605095
18777033
20157148
16105987
18837877
16505739
16141776
16117670
16303823
22025175
16053797
16352493
17783675
17777065
15941973
18331873
18634961
17954305
16536574
15561389
18453486
16497390
16638137
16764909
20654737
17207307
21237443
24707918
15785179
15779833
17396150
16066126
18267628
16955437
16195047
16270053
16697682
17436558
16180521
18024989
16767791
16202863
17705577
18841036
16869657
16175727
17680952
16588289
15894558
16632166
16160379
18471336
18784442
17871827
16233090
16019510
16286878
16018564
18519748
17578641
15986690
16126615
15968493
17671449
16253825
17867976
17710269
16326375
15666574
15920798
17095895
16740516
18840477
16772891
16170924
15917329
19025691
17225253
16199202
19003009
19863573
17813447
16004235
19911459
16788147
19155557
19495175
15908325
17122216
16312145
16114486
17322995
16348385
15688898
19038612
16039030
16342591
18322874
16290146
16335224
16008238
15829916
15805572
18810141
16520532
17699545
15872088
15972433
16355760
16249694
22087976
15928933
15748622
15767504
16420366
16300971
16493864
24891572
16157089
18027661
16070796
16608677
15847135
16500261
22739963
15867149
16154599
16059259
16264262
18196643
16429159
20153772
16618847
16487867
16321316
16250036
15936125
16243833
20165430
16870367
16895238
15576985
17009479
15955154
17289276
19175523
22119234
15796601
20431427
15903470
21068534
21381353
16191950
15848029
17097552
15695985
18193494
19076696
17428383
17590802
18596075
22454800
16030442
19874899
18041953
17355867
15712789
16031865
16308043
15934991
18193395
18652527
15617337
16594294
16489350
20901152
16272040
18512874
16046879
16774283
16396466
16431618
17324510
17783570
17699386
16958791
18140165
16307656
17041111
20083828
19348183
19064539
20164257
15795461
21414945
18935026
15958709
15564110
16564607
18307239
16221410
23881613
15791470
19794395
16293854
19446735
16468305
23418042
16423530
17338171
15454487
19341532
16616471
17389083
17492182
18368208
15613987
15969154
15922785
17491315
21447392
16525557
19012102
16133959
19707047
22247315
16699541
15935793
18750571
16182293
17078849
16780939
16175639
15711401
19738485
16439518
18830133
19155906
16443562
17343358
15870186
16463940
16349518
20198944
16673656
17022352
16607761
19600760
16596356
24336609
17027939
17996950
15689610
17997424
18530260
17298923
18461101
19385843
17548410
19495645
16558234
16227375
16424583
18279154
16338751
15953710
16812392
23408235
16364544
17956452
16052137
16943031
16605286
17494687
16284708
15953032
15623719
16108133
16112820
22112449
20148738
18281042
16548877
15933783
21681781
16426193
19426118
19678975
16461670
16291666
16112376
16516543
17568659
19407709
17220566
16062881
16425039
16439059
20709328
15999991
15842239
16204246
16072561
20157908
16907199
16363515
17592435
17677435
15469131
17186061
18926813
16381667
17176122
19200516
15945401
17216532
18218236
18310736
15560459
16424840
16230221
15799893
20319236
21418285
15911189
17805642
19083244
19606860
19325236
18081562
16748492
16115624
16258287
24837909
16108898
19682087
21101166
15635045
19401514
17036110
24031818
16012844
16790564
15908191
16582507
16552494
17986725
18915649
16868905
16022911
17314263
16407077
17337152
18330410
16693890
16368431
17005183
19112223
17588996
16128758
15891229
16900865
16273447
17212262
20139340
16979924
15924798
16438882
16222624
16500324
19890756
16882275
16062365
16124021
16718816
17451908
15927336
20074158
16465171
22379685
16222609
19275397
16651083
16484983
18743705
16241020
16434934
20973684
16779850
21556990
18833749
16676045
16629925
16317808
16318192
17312689
20061690
17075104
18611215
16471880
19858583
16534319
22678333
16157283
19513143
18372716
15563967
17827693
16569092
16714592
18478952
16227182
16543909
16922947
19224435
19897289
16637356
21193827
15965680
19101342
16146748
17458122
16204060
16483750
16667109
16038076
20996782
16007545
16675474
16692757
16195784
18113028
19493088
20462754
16061331
20484430
16020319
20029241
18684734
16044058
21835648
16817175
16642723
16676146
16762394
18844678
18549496
15936053
17431767
16303531
17308682
16035096
16915476
16174223
16067255
17222114
16066324
18965250
16643963
15969382
16178155
16524787
16286864
15651695
18700511
18220704
18923074
15195399
16747180
15944335
17517111
17974806
16205746
16166507
16328152
16795327
16365585
20843508
16440665
16930484
16543339
16274847
18743605
16078477
19397174
18548150
16409858
18660936
23590434
17558499
16735678
16542475
16863046
15847504
19993841
18116703
19011774
16027238
15970295
16595170
16338630
18779157
22697425
16436443
15910477
16482001
16389886
20875381
15946771
16759793
17423991
18425996
16406460
21018138
16377066
15901586
17643421
16560095
16071652
16490348
20751916
18344165
15714695
18297433
16302477
16745644
16205229
18663144
16340666
18907132
16239941
20640559
17696166
19304618
15952435
19952801
16632413
23174280
21584316
17316783
18768260
16469463
16550167
16138656
21993175
17684603
20655607
15908163
19388533
15990923
19791696
23125994
15933779
15774937
16020551
16125557
15796912
22174205
16607264
17341453
19713648
16975465
16401444
17279264
17481643
16450565
18365347
15982662
16329232
17554389
16162900
15829350
16474372
16177675
16293305
19381240
18115113
18470603
16077605
16891773
16411353
17082482
19091154
16916580
16118152
17299216
15885865
17484826
15942968
17407993
17230192
16822877
17212979
19640662
15889972
16078544
16600280
16670889
15796511
16927008
21891667
17539186
16098928
15959126
17065921
17594879
16241292
20205210
18656284
18774644
16244873
18226053
16900364
23475866
18638980
18905327
16262928
16426419
18430478
20515398
16804194
16040371
16259557
16097002
15820177
19743330
19481383
15972314
19002068
16109096
17565896
16195936
16913518
21905798
18114709
16694898
18855479
18907660
20119334
15657497
20708601
16199126
20294176
18383265
15956586
17045514
20818962
16247181
16910883
17861579
15601341
16541619
16885839
15812807
16614107
21217899
17163400
17571469
15983962
17308828
17877456
15847362
18622001
19861889
15957148
16942829
16718870
16668708
16077205
16964359
16230998
16564614
16838383
18304392
18169247
18480726
16008094
15989528
16241631
16063649
17496045
20919429
15823208
17188247
15810911
15607201
16756628
19304206
16610044
18607590
16069844
16195222
17006706
17216916
16000528
15898799
16933847
15552548
18795089
19758755
17794212
18023651
18314601
16204669
16410505
18130562
16211137
18533162
16238238
16410746
16334653
20154264
20264974
17854251
16071877
18240864
16653658
20762377
16479917
17105987
16521733
16880590
17757480
21472325
16943470
16641651
15872087
16022801
17748893
19088089
18338395
16499714
15823553
17625754
16195572
17666466
16525545
17250983
15936092
16102455
15860577
18257462
18106909
15691851
16808387
21053877
15728046
16913193
17505740
19796274
17008233
16227737
16530683
16657892
19531368
16100973
16096607
16336815
19432582
18082290
20378967
16331932
16681844
16095459
17923932
16631133
16241455
17587048
18792315
17336673
16623636
16280288
19564313
15878623
15872470
16310155
16009959
17481026
21364859
16060977
18420725
16602128
16229576
17484127
22170363
16602355
18762394
20848796
16285240
22732015
17893546
16339416
15731305
16166874
16454653
17287053
17927777
16248292
15926008
16860258
17507377
16027527
16234724
21169743
18407176
16694453
15381212
19151293
16283699
16186383
17787705
17534013
16061895
15991597
16599259
18375304
18518166
16234024
16303098
16344122
16088057
17120200
19124501
19338871
16211746
15709169
17275523
16103761
19282920
20746587
15813573
18270785
16278606
21357529
16722079
19931323
15754191
18866187
15764584
16796249
17485649
20183308
15776122
16425592
16513400
16152629
16223128
17221324
18558474
16022085
16619257
16218111
16292152
23946586
16285861
16585246
16315049
16869777
18258424
15624798
22623391
17408162
16822196
16042166
17568708
17971736
23586210
20059372
20739679
17636087
16217758
16157732
18765948
19221085
15936471
16247574
16028439
15811416
15626554
18238186
16392366
15731164
16654180
16339344
17426095
17152930
19727426
18887374
17480754
17956158
16360215
16388827
17004303
17204991
16149568
18121074
16140098
15975221
16157986
23261157
15939185
20082861
16138914
22699324
15874912
19422869
19681555
16597061
17866469
17374048
16148630
16764394
20431228
15707515
16819111
15712047
16374852
19312682
17701699
16847586
16100335
16319354
16115100
16067636
19784295
16932901
16598730
16147051
15622178
17032078
16218406
23671136
18834809
16144127
18570767
16450158
19059357
16310660
24512795
18621168
18356964
16469924
17434451
18273248
16875819
16230513
16402549
19631744
15897273
16544062
17358194
19082222
16122048
16512297
16954210
16062820
18360610
16675344
17016887
16403520
16396772
20320694
18061198
17904942
17709546
16789812
19027220
22925543
21021848
15793720
19365462
16158665
16239896
18878483
17016709
16725172
16420640
16407188
16392333
17288851
19038819
17272599
16571227
19142809
16587206
16597689
17683705
16222286
16792804
15734899
16355156
15886240
20213597
18920599
17708547
15904983
18727919
16840648
16677100
16613505
16145603
17432648
17296709
20681742
18682312
18940378
18543613
15608022
20127621
16380280
16977976
25971060
17255735
19688681
16172099
17635857
21117788
17940230
16737027
16312799
15733340
20831627
16834967
16627675
18888733
16767669
16357651
16429597
15904172
19305125
18606887
16326512
15863406
20245493
16971498
20154475
18780441
16359802
21853205
16402647
21436463
20796597
16255127
18285577
18713394
16106868
16829731
15790345
17776011
16369240
17737700
16315969
15825850
19694101
16180739
16277132
17395323
17090823
16020161
19414316
19692994
15917458
16678548
15987357
17251433
16850143
21511426
16536234
15566518
16652391
16506314
19756545
21913885
23260967
16044657
16289764
16007366
21418821
18717109
15820946
16078516
15955344
16041446
18869427
19143897
15804914
17701280
15688498
16189777
15667998
22929255
16057327
20253934
16191936
22142859
15960562
21524728
16402133
16446506
16485595
16195092
16610016
16157872
19934394
17972740
19094330
15389902
16708212
15877903
16704652
17910902
16392158
17388805
16163328
15822944
18105250
21127123
21106519
20870326
16094772
17752211
18271810
17701559
16984437
17590281
16320053
19086490
16590170
20420767
16277974
16014092
19633419
16035068
17247037
22919603
15853876
17588705
16212912
17066319
16570448
21296764
16950321
19123995
15765117
18057067
17162331
17701322
16335211
16763067
16383417
16394386
16022602
21201914
16280074
16037484
15810635
15939166
16616209
15967911
20026564
16926040
16033425
16512159
18377060
16397912
15749087
21968860
16284763
16029655
15708527
17283042
19035064
17587925
17197914
15834242
19212519
20713548
19267215
17209721
16933610
15591292
18457932
16182377
19338901
15997270
16825142
16418272
19154922
16442096
18200801
21658708
15832064
16224350
16341292
16234998
16098173
18385198
16454015
16677301
16747085
16106336
16913213
16751025
20619080
18239180
16278466
17689046
18071301
20207143
16930196
16544895
16533905
16127228
15997824
16761666
17343522
16178998
16765856
18341129
16093348
20616580
18773255
17672426
16144279
16640320
16305847
16521247
16795781
18504302
17338814
16269053
16224198
18925094
16404466
16607482
16466991
20707313
16436013
16477239
16207408
16069641
17200455
20136337
15936165
21447306
19023364
20630002
15807432
17374608
20096166
17085690
18377199
16870569
18691296
17257613
16648001
19852726
17020886
16488289
18544016
16362818
18274048
16032892
18546309
19164697
17059001
16674452
17401172
19143955
17639383
16801171
17181462
15553555
15978527
20160312
18360941
16324167
16115225
16027599
18677591
24315581
17679541
16782408
19674893
15990023
17962771
19998870
16206275
17373705
18353958
16226498
20944006
19856183
16475818
17748890
16535233
18453686
18416849
20217933
15907773
18601068
16090899
17561695
16539640
22701924
21204544
16598441
15895140
16943976
16032612
19061187
17514562
17489169
18516725
15613296
18796711
19486991
17651221
16476353
16441429
19451227
18882714
17482209
17836277
15969702
18390156
17654174
16066023
19005772
16201196
16211349
17762089
16295603
16301279
17835225
19730249
16175068
17506195
16114428
17000155
17338602
16578900
19776841
15966390
18276604
16767664
16301031
16568560
21653369
16828592
16489228
18040800
17712016
17786491
15870131
16562643
16481373
16274183
18625870
17507532
15737085
16037824
16049355
16694754
18713118
19184723
16836983
16584653
16239605
17309134
17284917
16707261
24705019
18812858
17302277
16184372
16331695
23143571
19533120
16114211
15940821
15983608
17856673
16597708
20981751
15512357
17339945
16294420
19862457
17648770
19332542
15427078
17807074
16161829
16628838
17140097
18058873
20662043
21540643
16395129
21369198
21903143
15966030
16224328
18194913
17774125
17035300
16577741
15900607
17066847
16166045
15901195
16942124
20229825
18486304
21936252
16612651
23132887
23265063
24665450
19024782
18394644
16203989
15988467
20669047
20860986
15911115
18467625
16193498
16496892
18336203
20865007
17313736
16790403
16018379
18568388
18706325
20079640
16202712
17015971
15719220
19334783
17310390
19727462
16585550
16461843
18700044
16299869
17281021
17082165
16553788
16603535
16499472
17014488
16299539
19089006
22898227
16607041
18289946
15900861
22132887
18618704
19154384
16793961
16150369
16542655
19550432
17081643
16843684
18888285
17331939
16019665
18543789
22103824
15712792
17535022
16009576
16937133
20011183
22617455
17104434
18226773
16261113
16355452
17554988
20389034
15823026
15801837
17792660
20741114
16192324
16186955
16594274
16592965
18148296
21395646
16490028
16381342
16275976
17519954
19652399
16159405
16173479
22080885
19749819
16002456
20947717
16232295
19230561
16276097
18451474
16742727
16125439
15668056
20411668
19570465
18902190
16082419
16659272
16195027
16665743
18722399
18654340
16253575
16709944
16576349
21722861
21106361
15984499
19612812
16330024
17534946
22639255
16469812
17812974
15872750
16066402
15882624
16697050
19990782
16931485
15706701
16194316
19694204
18304979
17632983
17979974
16362528
19336989
16599550
16275529
16767289
17619544
16909390
18506207
15607019
16497602
16554153
17750341
16692174
18526002
16449698
18898024
16997834
21753749
15963260
18658933
18662094
16676048
17666107
18355668
16044517
16126156
17580012
16472836
16931293
18215295
16071590
16773560
15828549
21533862
16022413
17360281
16267536
15916851
15662953
17139489
15812044
21605348
16748302
16016754
16821913
16042015
17054720
17386488
22705437
16152090
18366874
16724812
16668767
16611371
23110617
16589844
23945168
16856651
16252555
18109203
16838408
16670657
16636280
15890393
15865499
16007307
17787125
17051051
15693188
16344473
16568581
19042148
17645100
17291835
18583607
17351569
16111053
16787885
16523770
16750512
17434794
16126711
16586482
18945217
16739348
16604748
17763493
21102656
16311163
17605770
16293247
19647949
16346800
17217344
16572766
18568189
16534290
22544530
19660305
17440477
15842558
20958943
18917409
17173304
16184438
16373453
16079200
15685148
16847853
19727180
20420899
16251903
17126044
15664168
17094771
17165889
16893848
15844454
17073538
16237376
18861013
16241899
21358650
16241040
16025829
16377480
17041640
16241656
20077894
18127301
17904218
16121142
18410955
18296204
23766369
15871387
19993011
16765606
16654403
17560954
18562986
16136830
16118738
16371902
20682166
19117924
17230348
16234743
16428732
18340146
16230138
16338002
17831757
17257299
16288854
16034575
16139210
16444625
21797079
18460165
19499417
20104267
15867644
18003739
17129992
16280416
16309517
18390742
16103119
16803803
18190001
21812641
16189324
18298609
16335944
16217853
19181958
23411420
16374693
15809097
18488742
16024973
18776380
23668196
15845066
20254704
16464938
16289007
17128932
23294125
15927504
18544888
18264754
16378032
17778556
16579241
15970764
18823942
16120043
18574890
16128190
20717952
16404729
17703044
19601894
16114623
17888632
16921182
19503059
16259296
16051167
16300919
15980609
19676545
18732839
16327380
16514621
16063349
16605072
18166720
16255780
16035824
16130425
17871928
21954432
16776313
17263757
16381002
22512848
16721203
18565222
16332919
18722119
18619618
15721691
15871654
16568129
19636483
16026365
17524635
16082774
16442080
16493985
26230986
18746566
18892425
16204950
16754395
17858899
16373589
16400019
16375845
16046992
16971536
16403128
19966679
22102024
19615391
16885739
16439460
16348780
22014546
18264441
16603636
16135953
15800676
16030905
16863423
23013436
16809028
20014391
16638430
15664187
17377484
18769407
17232880
18481046
17584400
16854887
16083357
16458399
19104049
19233292
16257538
16162329
16217055
19217472
19089910
17245829
15859233
16424463
16136894
17486295
21880205
16802466
16818750
17837779
17189585
21091162
19130516
18658387
16433852
15816282
17578212
16872758
17102848
16671217
17705762
19002771
15721433
17129826
18458674
15935244
17518116
16283599
17730582
16110598
17005360
17614273
16108925
16774146
16394583
15988929
25611929
15693325
19323089
17340433
22455507
17507502
18205540
17957455
16372900
16191398
17151599
18473374
16139905
19240128
16039483
18187162
15683941
16838714
17017014
18853198
19275200
19302755
16152472
17721768
16156209
17846401
17919598
20131640
17058813
17112521
16957770
17756270
16511226
16517093
16875660
20468709
17615562
19111921
19792890
16059306
18164869
16286242
16931790
16551233
15977249
15599990
16600663
17217799
16185595
20749430
18902593
16614016
16035339
19892531
16305442
16798130
17757522
16575448
16090508
15826579
15710169
18747586
21402670
15843023
19389008
16114676
21819447
16314185
23527123
15889178
18556959
18545059
15747743
17175478
16593190
19397738
16434697
16277831
16123084
16575014
17167548
18585978
15939373
16715478
16100845
16693286
19744045
15946033
19128279
16775683
16898894
15980752
17327762
19287749
16641852
21859114
15839085
20272430
18930237
20914353
16167823
17209720
17508630
21290445
21382270
15511355
17129875
18070313
18255038
15734037
17302059
17752227
17660613
17463189
16914549
15685256
15970880
18579416
19006254
16648038
16893474
15876100
17307926
18300939
16647502
18052125
16265235
16680782
17145122
19121203
20370023
16175691
16529834
18024586
16539449
17343368
16282296
18646677
16002955
16880739
16068164
22760221
16089623
18484061
16159892
16408107
17740935
20730079
16609953
17149291
17829720
16898161
17551654
16431711
15676534
16632815
16058667
16667735
17114902
23220965
16064536
16825554
16027289
16514087
16858412
18940299
21897108
16028699
15983285
17837952
17416139
17700588
21344725
15886945
19601178
20149752
17728250
21689563
16918694
16599243
16681396
16233136
16160763
18530626
20863052
19993570
16289710
18949986
16690800
17171436
17856673
16739498
16293585
16235493
15665596
18508890
20012908
21691008
16161575
19955103
15972112
17232014
18089803
16381111
16094152
16308573
16129663
16319776
20525189
17246064
16449125
16675232
16519039
15682846
16448511
21079366
19121759
16396289
16329771
18488371
16302535
16501116
17131390
16344135
15831394
16709385
17847135
16289873
22083479
16254158
18331101
16381565
16046572
17510965
18246891
17787979
16352106
16212169
20156572
15820561
19229838
16456286
18449457
15878158
18527304
18143136
16497485
16515466
18121982
16092765
16461633
15478426
18672040
16093256
18317225
16340536
16313129
16918483
17936242
22478628
19108482
16000495
19968178
15969667
17064146
18008001
19596672
15967555
15581194
15876673
16508681
23309022
16369948
16155796
20463945
18734384
17266199
21251237
16136474
19875046
16109191
20058657
16894115
17466472
16061613
21210319
23580654
16707826
21232800
16391417
17539368
17239642
20226340
16026277
17309513
20540145
16599947
16251935
17913010
16141319
17704312
17173348
16056340
16047479
21506522
15974380
16747362
17034343
17757058
18804131
15890469
18252157
20083743
22848297
15938682
21093994
15699090
21693306
19484134
19690012
18663358
16367206
15791945
17957004
19889034
16321381
18479811
15985439
17685259
16060897
16527705
21545326
21963417
16466971
17032039
16101071
23261735
16933020
15868452
16026634
17221676
16428135
19263973
20485004
17149462
16304678
18590895
16011946
16502305
19455039
16349907
19010193
17301918
16467956
16537512
16955809
16134093
16449165
16587929
17258499
16203208
19376694
17639107
17471020
15825569
16385328
16812060
16463708
19535223
16543025
16625369
16623777
19839342
21959167
19599579
16074257
16518474
18160403
18176525
16737764
16592317
17150061
16133782
16270470
16119199
16291758
22340223
16644308
18830363
18922698
16360811
15841470
16802048
17650709
16402475
16115623
15886637
15799767
18672323
20141301
18486929
20284083
20128939
16792938
23354088
16587955
16101619
17325458
16017513
16462682
23401103
19759428
16776980
16043443
16085057
16136815
15888600
18972974
19650247
16030113
16415075
16192506
15798532
18317041
19853225
23810054
15829374
18511411
20983006
18327822
15803663
16303539
18842980
15991962
16204324
16475993
19872494
17308683
15996307
16831022
17284787
17180628
16855791
17520848
16382898
17331418
16031596
19856073
16348473
16958244
16100285
16426661
16048502
21551070
16326766
18245844
16167200
16054462
18487443
18139285
18978351
16125105
16361641
16250055
16514024
18938636
16498527
15908500
19032162
16476036
16279589
17020773
18351406
17038848
18542072
16845732
18739624
16201639
16463749
16697199
17937247
18135439
17556424
20123103
18394064
16923016
16758422
15529345
16524215
17984284
18615323
20082064
20920933
16778211
19642954
23763773
16531049
17273494
16138708
16142848
16435792
26696319
15839377
16733660
15917908
18078180
16119640
22506266
19705379
16074924
16211335
15986740
17746440
20020569
16097290
17288930
18206949
16583262
17977337
16207555
18247573
16265015
16075083
16728098
15820022
20292854
24832495
16926825
16403097
16710562
21688560
19932519
17666606
19022770
16158618
18456365
16100190
18629938
18136155
23044961
18526901
16017282
17099663
20693433
19065940
16512722
16749023
15719785
16935090
16000310
19290043
16428920
16611826
15871800
18940526
16355801
17063484
15952465
16726485
16099574
16431165
16207526
20280122
16073736
19550659
16063708
16301295
16109527
21742027
21881475
16237449
16046208
17246525
15992089
18679625
20635355
16159239
16330421
16131079
15823520
18349408
22664545
15849438
16405152
17941648
16828564
16471072
20486627
17626842
15758474
15779724
16270463
17019522
22866113
16158770
19280851
16001407
20707450
17474774
21671842
16624305
16174482
15644248
16174461
17008627
21310492
21875409
16357647
17173358
16249985
20142088
21029452
23369122
16389039
16186978
18602668
21112005
19566616
20223660
16244785
15767340
18972765
16799646
18400024
16282017
17102257
16319145
16912554
16042474
18923216
16299736
16814775
17136406
16809232
16550105
21673827
16463707
19270385
16102545
16928749
19403330
16642539
16215199
16284554
15755625
16902003
16080685
21369139
16017592
15743297
16900216
18788371
15857685
17667280
17395044
15724783
16544421
16120448
16338888
16149609
21124760
16292479
16373961
16791353
19248442
15763708
17163198
20909652
19964598
20111123
18233851
16089394
18170452
16824620
16246648
16383671
16230405
16712463
19789318
16605699
15975062
16520709
16670827
16182371
17790892
20788735
17448367
16441472
17364353
16250509
17256926
18317366
22985873
17557358
16533666
16453288
15931141
22219934
16227474
20525033
15944399
19913198
15940532
18242589
19642166
16384874
19908972
17661690
16949902
17613113
16164467
16701156
16497096
16256376
18054561
16067083
20424921
16267687
17795520
18390623
17224613
15863471
16228996
17357734
24221389
19088153
16385150
16277991
16830538
16200614
19805528
15725592
17950338
15983323
16368596
18476594
18916713
16559654
17215485
16370782
20191163
22217889
16302715
16514471
18042165
16378234
17304167
17339292
16513127
16477966
16005573
19379899
16109841
21492068
16876932
15839256
16138583
20211094
17112354
20230962
25373038
20726408
16666443
16379725
17308989
16431484
16056144
18338859
16313196
15901250
19657182
17021383
19694996
16681532
17926390
16229657
16936567
19146063
18313748
17696046
19619733
17735303
19481952
16516801
21597527
17045509
16503747
16730138
17955637
22040273
16086420
16942001
18677128
18462177
17415991
24360966
15749502
16854311
15749628
17450668
18202769
19512148
18202555
16005252
16565402
16548396
18145487
15971098
16452504
16081691
15629501
15902537
15732765
17748025
17140126
16427173
15820206
16395112
18893377
17394194
20106558
16451190
16182800
16184972
15917538
20557512
18563661
16291975
17018294
16052664
17809402
18772439
17639326
16384193
16484469
15720799
16436071
16034602
20510451
20986802
19237717
16089733
19763054
16799795
19424631
19200284
15733930
16772118
21895284
18113754
18846294
17805868
16788212
20081984
18886886
23173627
20154705
16842997
20811648
17920734
19273930
17271545
18688232
20674367
15911555
16680924
16157455
15627471
16200346
23566109
22324953
18196583
16792378
16848129
24161863
17715519
16585385
16387646
16233303
16151997
16104959
19880339
19437462
16451467
16964702
16230469
16221028
16209523
19521139
22583089
16119717
18164736
16024703
17591971
17150267
18926695
19490753
19511763
16086168
16679552
21937287
15596387
17224202
16028026
17021470
16972168
21236237
16594390
15943646
17579416
16699128
16013515
17170659
16463274
18175556
16023567
19298253
16621369
18981459
16369874
16349003
19253412
20132952
17672205
19712369
15906714
20917286
15685725
17461383
17010161
18043067
18590256
16856713
17562049
16169362
16381239
20106447
16691284
16410191
15996608
16028513
16721394
18662901
18426682
17005010
16208696
16412656
16288868
19525614
16668601
16906264
16377296
17842173
16128496
17909190
16579870
16960777
16399090
16522546
17184730
24190599
17730060
15715219
19409782
16236482
18800210
19347289
15917285
16289817
16611194
17866788
16706121
17361985
16038604
17394842
16010295
16294976
15826604
23803329
15849736
18408897
15985190
16659769
16328612
16286735
22137271
16995426
15834243
16344774
17605301
16777664
17449423
23751400
16566907
19024437
15829764
16246713
17215802
18340840
15920316
16626412
16204925
16213640
15524001
21881236
17267424
18743883
16216949
17177130
16164698
17424427
19664266
16182125
18466266
17477399
16406485
17232517
17869361
19666724
21181163
15756990
21314352
21866506
15974888
16425032
18491005
19501398
17167540
16535726
18859740
16243938
17070665
18144241
15870067
16844661
21049323
15919240
17273521
16559275
16002956
19714986
18998973
17062998
16003806
16365166
18804816
17496899
16443052
18345488
16713906
19449424
16400287
18360144
20147520
20478958
15731854
19779285
16011607
20458481
16364532
16135280
17949473
16004993
16223413
16260985
21802930
17039577
19433716
15424476
19703985
18784649
16754942
16345421
19414158
16791662
17278731
15946532
21903974
16763187
16985866
17943802
16508800
16887320
16195988
18478798
17157156
15909603
16007463
16318624
23249970
16142208
19394830
16151813
16052113
17783992
18272776
16976236
16734896
17290701
15961286
15939899
15991585
20031116
24120941
16332751
17443274
16411771
15987466
16734008
16596317
18291913
16598007
16113709
16791457
16179452
16820243
21572661
17798159
15964003
16793433
16147498
18266604
16689184
15945591
16376963
16083917
17179796
21866700
16710853
16526443
16079658
16227218
18394008
18252784
16995098
17924937
16040897
16703727
15945900
19228878
20348293
18093461
15890844
18983850
17910572
19504491
16796779
16476308
16111842
19806713
17050534
17706634
16411884
17719415
16118409
16816776
16987032
21205043
23795899
17116049
17012009
17856568
19599712
16115945
16210886
16907377
16205143
15545942
16488471
18837129
18236636
16615124
15993390
16064092
19002594
17189902
23354062
16909302
16864080
22572772
15689342
22398455
17222297
19959188
16329405
16867240
15938838
17519199
19108791
15815453
18362406
16298143
16421267
16990983
20246311
20890034
23394214
19305631
15850872
22083953
17947441
18287659
15977459
18716599
18382832
20259716
16995944
21168200
16814725
16072748
16269357
21628410
17583548
16361663
16631308
19660856
16223108
23568395
18696725
16228192
16443384
19160377
16563051
16474427
18516317
18648246
22642811
19327120
16127183
19954517
16927508
16865812
16155073
15747731
15621726
15673903
19606356
19644199
16293146
19285318
15817770
16188997
17726751
16794064
16958714
19417204
16081509
18133192
16408101
17437392
20345997
22174782
16808774
16695254
16039478
19488201
18517027
20723271
21914880
15805889
19667660
16579612
18981011
15843282
15941089
17067045
19113249
18237709
16604393
22177964
16032088
18451058
18488479
19293600
16341899
16379083
17956906
16224725
16509658
18151997
18679571
15800497
16666627
16074494
16928130
19861119
16728063
17394807
16976557
17365219
17522262
16428322
18437055
16232432
16367874
16754316
17360472
19425914
19548273
18648822
20785494
20237483
24243418
16738349
19580606
16625308
17883450
16045062
19348795
16326208
16390568
17510237
16339603
15831918
15940196
20093649
17662194
16327233
18910186
15997245
16439449
17369986
20589615
17539064
18942839
16101842
19693170
16998657
18034164
15970909
17630876
17953925
17928751
19059174
22835962
16339621
16023468
16009068
16418833
16458098
18915767
15733498
16930575
16714441
18284736
16535096
23133105
16096466
16637031
15955927
16330942
16310668
16611204
17345605
16289840
18014684
16598568
24770586
16580404
16054194
17166428
15884544
16043046
17589087
18152639
16060335
15835646
18923811
15925525
17528527
15980726
21721206
16224210
20595377
15959894
16612114
16914945
22095901
18853340
20482096
16618100
16566472
21148790
16480286
18354687
17554410
19641898
16502165
21167154
23814577
15703390
16801407
15604862
16690173
19991154
18425714
16146779
16186451
16544565
16140461
17185563
25999496
15580490
18788006
15984364
19284426
18019146
19037709
15749153
22012059
16403292
19257689
19187429
16868259
19321615
16613928
16024830
16089042
16366586
18459393
17370170
16534367
16414920
15928610
15914415
18384000
17248783
18256224
18442503
16675761
16094912
17291156
17490565
15919824
17157277
16198807
17491049
15835587
21974275
16078090
18772938
16142625
16194673
17031182
20812647
15887529
20524730
16392936
17662590
17455015
20426376
17095580
16678320
19028793
16953828
21916729
19350181
18149796
16113970
17023584
16224526
18210985
20864077
19699407
16344843
16247268
15862754
18787762
21354151
16006719
15913313
16255136
16074116
15885116
19713872
15979091
15777104
16541014
21899874
16708257
21811603
15646751
18318255
15993507
16310164
17645939
19147740
17187651
19231423
16033105
19918733
17286779
20161901
15755397
16891686
15867076
17187221
15920099
20779758
20761450
19299297
16129665
16146321
18960395
16845206
16373451
16174822
16335378
16601411
16937522
20740910
22145899
15612754
17176317
16897421
17981844
17157086
19374935
16976737
19428882
17432751
15898016
18756065
22730023
16899648
15859297
17062910
15668452
17197886
17306821
16932943
16341980
16920488
17633649
16756570
16975926
25167979
18564996
15966885
16141085
16517501
19146143
16234973
16105521
16362021
16967327
24152448
18370041
16866993
18827873
16088816
18994932
18390462
16338472
18217400
18385107
19970390
15733209
17368255
23145834
15939938
17776823
16338710
15850727
16279529
17853439
15922211
16185150
18933481
16784110
15781627
20055833
16756316
22582634
16828486
18975240
17014448
19443364
16974383
16087281
16523174
16275670
16088750
21761214
18143622
16824473
16761684
16535342
16210135
19732202
19157730
15753547
16248925
16584669
16738632
18755337
18990717
15791849
18940732
15860724
17148566
16099416
19172485
20718201
18107316
16186833
19658589
18886946
18722211
20089278
18847777
15860956
17470991
16255221
16609179
18864246
16077872
16470720
16023796
26113134
16622542
18326426
16332946
19206216
17188723
19059438
16902702
19863157
15776309
16422729
17310423
20492723
18288001
16437193
18632309
16044020
17646650
21233029
18418346
16333241
21927615
17442964
23312125
19601484
16687722
16363425
15533180
18529723
17012862
21726537
16758422
17772858
19510048
17424220
22527089
17286926
16325118
17294178
16136523
24750236
18999056
16459963
16441251
17525197
18244442
17741076
17770707
16632207
16434841
15961315
17445892
18058974
18814582
22453611
16130817
15843295
16665882
17601284
19349818
20656969
21235040
17450350
16616567
16439755
18695167
19491919
16352662
16201848
17016753
16610091
16192162
21928933
19146148
18802769
17520211
16091089
15899183
19351639
16419349
16043544
15562359
18501665
21214782
18420368
16325990
16762906
16847123
16419946
16393724
19642632
16432744
15753346
16917104
16071284
16268335
23195327
17772773
16862570
21669001
16183221
19652156
16815155
19922725
17005686
16733765
16603726
16492500
17049384
23942859
18953973
15926144
20455906
15901997
21115383
16610464
17309087
16192559
21615133
15691263
18109425
16443238
17598133
22877963
16081358
16360331
17909962
19829135
15728733
18665273
16120628
15869986
17169144
16631228
18006869
16629923
15890518
19593496
16458611
18037938
18617384
15995695
15637766
19062807
16602760
17055863
18534017
17552453
16188304
16034634
15947482
22737597
16729860
19907854
18936376
19731109
21609279
24051800
17591900
16671317
16710737
15989129
18709876
16026050
22945223
15691761
20492172
15872854
16938713
21383938
15732367
16004309
16762060
16637128
15841635
19828928
16390732
17659892
16143975
19320111
17063700
19311418
18201085
18650611
15788044
15966412
16756838
21851004
16210317
16326511
16370794
18346804
17739024
17813382
16008340
15947402
16285900
20327946
15934750
19850358
16078121
16231330
16130982
18650873
16304579
17241380
17294487
15840099
16019813
15691765
16751366
23059864
18793110
16998653
16049708
16191451
16769892
19914766
18802662
19041542
15892468
18152107
19071579
20540219
22451824
21436728
17891250
16172947
17876546
19300354
19715857
16125437
16543476
16026234
19642211
16563602
17338896
16626278
16270339
15854975
16170952
15891870
18835119
15849151
16458811
21586993
17012346
16243591
16945278
17295683
15648797
16630676
17580693
16853170
15971277
20796518
18421599
17405411
17641835
16532686
16654376
18101594
19732702
15647528
15811251
16493303
15991721
22239516
15906372
17688869
16024625
16441467
16241476
20794507
17276777
17611288
15858984
15731692
16350156
23123737
17863875
17945328
21345804
16163390
22116036
16160755
17953343
16140443
16743625
15714295
15986099
24007415
21164775
16231332
19889141
16234441
16552480
16170979
23261868
16778817
15624957
16980254
15926163
17109314
18969304
16197890
15758143
16654431
16104565
16700620
19976184
19330888
16733212
16306841
19125599
19600651
16376874
16250252
18166415
18294624
15533867
17039284
19522504
18512618
15888748
18303391
18675433
17355644
17908671
20074943
16052208
18683749
16847048
16710113
16597421
17925695
15932337
17531285
16069961
24372328
18686756
16305398
16212305
18168219
16623551
16133655
16698142
16276873
16114733
15922585
21348320
16089008
22137915
16633413
21504461
15785826
19059817
18535782
20164665
16799804
18346565
16423920
16517711
17139741
18093267
20586535
16642601
17452906
16820607
19039206
20543532
16734822
16710468
16314148
15578303
16231087
19576381
20656696
16182232
17392826
16319329
16889435
17684111
16296931
15942521
16132020
18185819
19099376
20778408
21240311
17528698
22099093
16587473
22445405
20871637
15608653
20655133
16290429
17615797
19558761
16265262
18629473
16480074
17791978
15996005
19082994
17946847
19220413
16580613
16201956
17067766
16518658
17081836
16731626
15744533
17278318
16018794
15798930
20739185
16570269
15854134
16210896
16277015
15981399
16635840
22547450
16652108
16405254
16177695
17224541
16225113
18929353
19387232
20358941
15745922
18961650
15935768
21537446
16959969
16379097
16131468
16256355
15620701
18415318
19799887
20462281
16287944
16323297
16551177
16688922
18365732
22155929
18540713
16559490
17164626
16893738
17026897
15933853
18747804
17092393
18466349
16582345
16511089
16413624
18213773
16416837
18435258
15988415
16354192
19657701
20482372
16586888
17330515
16073979
17530939
21716407
18255497
15881991
16596318
17354444
17096550
15789116
18636669
16620300
18492748
19477910
17437861
20038349
16168085
17409037
16020927
19533461
16653880
19792435
17107858
18973896
15717377
16710446
22220175
18277261
15823126
18036637
16340986
16403832
15969132
20314428
20010367
16806220
15841139
19340370
16346727
19950047
16820508
20468120
16006128
15996914
16714684
20381899
17832158
16611997
17148536
18842964
17332604
16748151
18234834
16535507
16437852
15592378
16929943
19971101
16489536
16390442
16197237
16493357
16290315
20086731
17619470
16024925
16657401
16492931
16508931
16330236
19707151
16937425
16324579
15663808
16830228
16698489
16781135
19187985
19247073
20860452
23772988
16663423
16679638
19437448
19746324
19127464
15788011
18224347
16572196
20713314
19752448
15958445
16571507
19634109
15826975
17697089
16808179
19610205
16268623
15931259
16207381
16347391
21689955
15733816
16949193
16241526
17095281
15989727
24016443
17038669
25078247
16028889
16526028
23685277
16447436
17352837
16320793
17075949
15921364
19779713
20218187
17872550
19663043
20116900
16731896
16944137
20622469
16253059
16038027
16045237
19186546
15881154
18224401
17296487
18340290
16543220
15866173
17068114
20115808
21812043
16385545
16035005
16534649
16907891
20453553
17114674
16286742
16325632
17152456
19642593
18479574
17936906
16223311
18010680
18203458
19543967
18903812
19023312
16160936
20482839
15906470
18033875
17395249
16037542
16826219
16622234
16133354
18782074
20977620
16650841
15715545
20083972
16417431
17436188
21605096
16602366
16619518
16396832
18234704
16339591
18575124
18725256
17150559
16462884
16084908
17439868
18954087
16208676
16415047
18631857
19198731
16432587
20860766
16437611
22763306
15574780
17764486
21324830
16942370
20019437
16084986
18318782
18986266
18508217
18470143
16932361
16615018
21204933
16430361
20066299
19666914
17933091
15813649
26367645
18377470
23218826
17966119
16119048
16761060
15526613
15574481
16340405
20800160
21415211
16054829
16607200
16025154
16621781
16390798
19555692
19516743
16001942
17484551
16480016
19077216
17200360
16815890
16168453
19284519
17226033
16260283
19235338
18436867
16207207
16251264
16722656
16641358
16806488
16068179
18072550
15738594
16126325
15774024
22264726
16439509
20968544
19715329
15982053
15845264
20919318
23616549
15991804
17436979
16760460
21741907
20798924
16884185
16868234
16119105
19175212
16833049
16135507
20061388
17322333
16467836
19868635
19311343
17121516
22309609
19868694
15928277
18475033
16035694
17382878
24505156
16437036
17013369
16349959
15979472
16864448
23576363
16406047
19460920
16696286
16952598
17592105
17552764
16136424
15884678
16042538
21899958
20009309
21234015
16674339
16917558
23221829
15769227
20133537
21734648
16209178
17518512
16942512
16117261
16643534
20032661
16046251
18673283
16171691
18765305
16878894
16635654
17152235
16247345
16008209
19505269
16407218
17730091
16769663
18919428
16104321
15846538
16354619
21276697
19001815
16201950
17954682
18503738
17507670
20474271
18255488
18293735
15878279
21081369
16745796
19579847
16220501
23137281
16894680
16297395
19372753
17277717
19788450
16061686
19701728
15936129
18144255
22870591
23787785
16785962
18113407
15811167
18931261
18478334
16414625
16103269
19087226
18576581
16279671
20844125
16184695
21814483
16004733
22921324
20235400
15939329
16773269
16141842
19185650
16216563
16890176
21653239
16993435
15863617
16277842
16099459
15640319
18799698
18690861
17507437
18066114
15863196
16500515
18288843
18734449
16515351
16733212
15662389
18776389
16629398
16245467
16467269
16306979
17711577
17981395
21568369
20868828
16667443
17092208
15864241
22477134
17586991
19416189
16267616
18473749
16145706
16746581
19523462
16612063
15814790
17019727
16312726
21779950
18329172
16712515
20487061
15780366
17164202
16847258
18663248
18099725
16307475
16314808
16790538
19490635
18571927
19027702
16055445
16519713
16730613
16134261
19656890
16631308
24349807
17359811
19247221
18602308
18021801
16054724
16285772
16080898
18591646
17227091
22549943
16028588
16769433
16047795
15897857
16529280
16513823
16917743
15999352
16024197
16423966
16536154
20246602
19568629
15898633
16010157
17774192
16033271
16644639
21140802
18334080
16255129
21401973
16009777
18073148
17403880
17022487
18580771
16186007
16060498
16654079
17401268
16437205
18401465
16003964
16070591
19692982
19784685
15689217
17617007
16086554
16234445
16370534
18190165
20122423
16328717
15719660
16255714
16082795
24632989
16288745
17947615
16379980
19110290
18142134
21789352
16332351
16538939
15760892
21597151
18252545
18418196
16178645
15635131
16712617
17037753
18969001
17622437
18533930
15587150
15843119
15978460
16667922
20848700
21658111
16174215
19450466
17445862
20611612
17900323
16413569
16012865
16808654
15785316
16041358
18292842
16166196
16621123
17718373
15759195
20027365
20191918
17362388
18361416
16422470
17675909
15779763
18650686
19508548
23012615
16121543
17146804
16027402
17026412
18879684
15929035
16579249
15816419
15426970
19491745
20674628
18199303
16291220
17231980
16219396
17701296
16128777
17751432
18254556
20731874
18278769
19500907
22049586
16020451
18288396
16479598
17040435
18082291
16981560
20604101
15592653
16575400
15895538
16566227
25287169
18804127
16100066
16267185
15546236
20553750
19482293
16248748
18571031
16419912
16401237
17469192
19698914
18382540
20426097
19567817
16153135
22381915
15925287
16960037
16995552
16311340
15877764
15904358
18934892
22704063
16588035
23573327
16629746
16721219
21035080
19107762
18649174
15959080
18441962
18989836
22657209
20959228
16129811
17867274
16964854
17841969
18392117
19438340
16283388
16534230
16047769
18491979
16803385
18084569
15819640
16861231
16488379
16431160
17012460
21884901
16094798
18633318
18033345
16966214
18255962
18644388
16404201
19426742
15422109
20413495
17336589
18681012
17429067
18810781
16164584
16003406
16520197
17708653
17654664
15767837
19363431
16198811
16050284
18801442
22247308
15881239
16916095
16377910
17027871
19009335
16907941
15976260
20318003
17041658
19685322
17739815
17298277
15884100
21282127
16809517
16657845
21330202
16027833
16272675
16060892
16195311
16091906
20475684
16109039
16542233
17536823
16471025
16461815
23597575
16104726
17223817
16636884
16371055
16627913
20016331
15662595
16403623
18885286
16124078
17821775
17745309
15848659
16252824
16620227
16569645
16626884
19841747
15939414
16667408
17929006
18096279
15994914
18109958
23615554
16570748
15964317
20121645
18975419
20612923
16620782
16539542
16703530
18164844
15806814
18639726
23156606
16425332
18689660
16340480
15773068
17072398
18564734
18746250
16362471
17753372
16099853
18915370
18501225
16020434
16279922
16752327
16039890
15956818
21905917
22115428
19471258
15637039
17525912
15821849
17243375
20234600
17821231
15539080
16175938
20946744
18704132
19453437
16225114
18223662
16274932
16601275
15783953
22970152
15828861
20500106
16239361
21045628
18741133
17464415
15203913
19502451
18234493
16829398
16586574
17638827
19155708
16180658
16030991
16219741
16519050
17360429
18066666
23548595
19352628
16084844
19075077
16835492
18827116
16589124
16610499
16164254
24689660
21998683
16264484
19099366
16317144
18770901
16538147
19983524
18002369
18878711
16438267
16617967
17240625
18142544
16733843
15783086
16950081
17142851
19382540
16721553
23825050
15778368
20199063
15798962
20337729
17396130
16803967
17197228
19613562
15933067
17248163
22689591
16362802
16713178
16135861
16182573
17332563
16463279
16332594
16021419
16028283
16721753
16351126
22955601
15853926
16186881
16048997
16229803
17610088
16479025
22733157
22515527
19858956
15883040
15573097
16298789
17637279
22830662
15757490
16553034
16061754
16325437
16661001
18238340
19985128
20428494
17547744
16341559
18915773
23209016
16338850
18492877
19385868
18389431
20716221
16989191
16441631
18625345
16364403
16945266
19094105
18479162
19568990
16690666
15819952
16082572
16393415
19357866
17822923
19183999
16149402
16436750
19138407
19708605
18830591
16399781
15821474
15875934
17266795
23537708
16291316
15726535
18114228
19376241
17038225
19616577
17682035
18018088
15907606
16346905
16714526
24268468
16050636
17658583
16299368
16317342
17011310
17494931
15918325
16323455
16409467
16507844
15962206
20997064
17031827
19165522
16626645
16108548
16232355
19130038
21038631
17602976
16708243
17155667
16683760
20381481
19587230
16952529
18591202
17769581
17386768
16702700
18074817
17438108
17440500
16141504
16223729
20713611
21969201
16596722
17225352
16219699
16600914
17960041
20534838
16205826
16067582
16018038
16200215
15701989
21018182
16153333
16666121
15866097
16476514
16138432
18141706
16003677
16787217
15819861
23165625
17276493
22006420
18132376
16097328
17733471
16241299
19070624
16236319
17962435
17573694
18685820
16228746
16639030
18072220
16262088
17095697
16522625
19058716
16263712
22173696
17660489
15932616
17419865
16104185
17823240
20071328
19260219
15851915
16461707
16567014
17535266
23299158
18642274
18053090
16404809
16139705
19681171
18159018
15696833
15772035
16164655
15785190
23416829
19205833
15947327
18084492
16101677
16546407
16905349
19152413
16918441
16866552
21488632
20269128
21811615
18985438
16749080
16550376
16130685
18151549
16442726
19044172
17590418
17171984
16385166
18772782
16052527
17477383
17573117
16224362
16259551
16066378
17070818
21168826
21441353
15713148
17062993
16416950
22615923
18203550
15902407
18251426
16861243
18613695
17082637
16603688
15683509
17177492
16157571
15461539
16171811
21249044
16892053
16519020
16216321
17129563
15889672
15525256
19705550
16309020
16666900
16345189
16535026
16245987
15572488
20939078
19403477
18222849
15514049
19880179
17853995
20036704
20132341
16211112
16740097
16676304
15750958
16762562
21268400
16585750
17137074
16627676
16879779
21982786
18566573
16442397
17187509
15970292
16087367
15689035
20991140
16659526
16339547
16129047
16074923
16983710
23736571
16398475
18830111
15940222
18174212
16196150
24599118
16126514
17102601
16179810
16062465
17893523
16095215
16511538
15851196
15822908
16281756
16713866
18984278
17135588
16362350
16385562
16240872
15940418
16589775
18538266
17468973
15811648
17192699
18425989
16858572
17650850
25929685
16623777
16007380
16805649
16011021
24586607
21420074
16200653
16752544
16087249
15946821
18136862
17391847
20114066
19319245
17717300
19296898
19088092
21056841
15840824
16664427
16260858
16571296
18801015
20229475
15899392
17259348
16562187
16744512
16764873
21239878
18815754
20518460
16208034
16247120
18832628
16552235
18248938
16024130
16046417
16441969
15874047
21383326
16453633
18062592
16434814
15949846
16586011
18558551
21295161
15610122
17222958
16040111
16804043
16898270
18714407
17843536
15852828
16633129
20465926
16456080
18351053
16314719
18339876
16121297
21094180
16706009
19393159
16588916
16298700
18212644
16282958
24245851
16206949
15938923
17750492
16592657
15744456
16766438
20906983
19575075
16350436
18539091
18521203
18318430
16840487
17920092
15797262
24073913
19496662
16033327
19878197
15999851
16563894
17212173
16467785
15497573
16225096
19918260
16084369
15972752
18111775
17002609
16618356
18119703
19161410
19450893
17886432
17070276
19592823
18081051
19863156
16202376
18010791
15588612
16658417
16717127
21305753
17197430
16279249
15480644
16072779
19600246
22800983
19619300
16137981
18988287
16365220
20746537
21459600
15623124
16517110
16018454
15911871
19456011
19139156
18231333
15843814
16511365
18689702
17343715
19967754
17488763
20870517
16134764
17527869
16734000
18553122
18774532
16585425
15621478
18049243
17125678
23369812
16152339
17798215
16045275
17417742
16495184
19241335
16103138
16361588
18810364
15953595
17787031
21560086
16572695
16156543
19340623
16201980
20640195
18185514
25814110
16358213
16382778
15694797
17193297
16629189
16847612
15943405
17285202
16525534
17165280
19036700
17117786
16456749
15986989
15638681
16266892
21206091
16109333
16652941
16550269
16514003
15689228
17358435
24741276
17662457
16391309
18986065
16264497
16962084
16390695
18976068
17637722
17853593
15990744
17230191
16051925
17991473
21344403
16228995
16511621
16040658
16974420
18095008
18493041
16055708
22805989
15799778
19973954
20148830
22156880
17832716
18273179
18500493
18873320
16709119
17332441
16161471
16586566
16332298
19747942
16324007
22399572
17544141
15735522
18237782
17079713
22610552
16531207
16711555
16252013
16698114
17812180
17929865
16700479
18568618
20489914
16036092
17389241
20055466
16015128
16695005
18370170
18681980
16834953
15899328
17466032
16341435
16078641
16307543
16710073
19224813
16998318
15910936
16090189
18841936
15920847
16017404
21048601
20082615
17482402
16293914
16990018
16135624
17952833
19334662
16271118
15815981
16480546
15390041
21782712
17863517
17398218
16272643
16043753
16013591
18042812
20551840
17791429
20775437
16053530
16492055
17004243
17259770
16278876
16304686
18048403
15722903
17410762
21017295
15982755
16449491
15811456
15549886
16003730
20746599
16188238
16472227
16032220
18937515
15515466
16229509
20917003
16125570
17124358
16596663
19863958
15861109
16801198
23384750
16058346
16886803
16147380
16606974
16802687
21135150
16399909
15728531
18793619
16095673
16033914
18592182
16199653
17131912
15583616
20470363
16207368
18429575
18318081
23413453
17012460
16559386
17830794
17444070
16392322
16243246
16553660
17599518
15673515
20394336
17143347
15122653
17733489
16195044
19066978
19707202
19581166
16241998
15543303
15754486
17673322
18044671
16405929
17773696
15947124
16554201
16146142
18297394
16196022
15859609
16559046
16136730
16950780
19081140
16454581
16779652
16167575
15908822
16467538
19424184
20678188
17041489
18471679
18631805
17997042
18690258
20302612
16410917
16306607
16179448
15985631
15818596
19581711
17619518
16789117
15904210
16729376
18637796
16998061
16241204
16474523
16073276
15797486
15928955
18359265
19052589
15730431
16567356
17744827
16479087
17022454
23719453
16008596
19386317
16003398
18874430
16985885
17650256
15818441
18556614
16119943
16294874
15928594
20165006
15853670
16017409
16066394
16590725
16619462
20041077
16428684
16450853
16195171
19566543
15963155
16846736
21173352
22369681
21286691
19166146
17371396
21879245
17885041
20035401
19666909
18252694
18262198
19232007
16651803
16645665
16286472
17352401
16223576
18358978
16661749
16446360
16786290
16166583
16558468
23324886
15853379
18221796
16459248
16149044
16881089
19727380
16301519
18483298
16268612
15783033
17338143
22512123
16368444
16330631
15919180
19399789
16753855
18345613
15687867
16063400
16062754
16922447
18276981
23113604
16240961
18559457
16501002
21761601
23370914
17285655
17526444
18300768
24233234
16753547
18409492
16970263
16500118
16648600
16615177
16110731
17190672
24286231
15817526
16515420
17180596
15894844
17474953
18361917
15743050
18897605
19705399
15877808
18921910
23261231
15965825
17726239
16354848
19929315
18922787
20918638
19231968
16654836
16535531
16552153
19059511
22805403
21357504
15815773
18591061
16710361
22462276
15887834
20725685
16051412
17843151
16258133
16543568
19807452
17250549
16463922
16497622
16345496
15729039
20098532
16273465
16558859
17964237
17189622
18862243
19453599
16372260
18628208
16613070
18482295
17184235
20563485
16763836
17106465
16477940
18767346
16921915
19495862
17235219
20110000
16202863
15846217
16466217
18625266
20491789
15725682
16436863
15855184
16263154
16779065
16642547
16328330
16993885
19162730
19779612
19483864
22102440
16983311
16866614
17060723
17384242
19072049
17051174
16384028
15939052
18649353
18231134
23074963
16681419
17455201
16569014
17387355
16409135
18609768
16360858
17135253
19183558
17621748
16640676
18440069
15895080
16363498
15720599
17163215
16301136
20635235
17076878
16055755
15996993
16866066
15732942
18902923
19040327
16515455
15799300
16624326
16630034
16351117
23352875
16317798
16891190
15970220
16428683
16480287
17747128
22916521
18448095
15945781
18154663
16019729
22742505
18077657
20683914
16118285
16173718
15800491
15785611
19446810
22438340
23767693
16113650
17996155
18285525
20213750
15977661
15564393
18785669
16165663
18441517
16015144
19665950
16522629
15958585
16707605
18169089
15501608
20514496
16306867
16909678
16247206
18385856
16561940
24616628
15690932
19593753
23102473
16906952
20457273
16318414
16065935
15778044
18231853
20734062
16881175
21083058
17335799
15785372
16163613
16256122
17248373
21080695
19762252
16164920
19913861
17492007
18248285
20357313
15894839
16633478
16209986
16134968
18829372
18776891
16202912
16265017
16253703
18076945
16753275
21448250
16232647
17758302
15975168
17014196
19894331
18609475
16589604
16425970
15970544
17133975
15969586
19124083
17763112
18832318
15794343
17845865
18499493
19270888
15791767
16111000
15790178
18816906
18091861
20651799
15771482
17317910
16276131
16707057
16129828
22301667
16730287
17578636
16376179
15859140
19321049
22850111
19386224
17564483
20990201
17117933
20464701
16763577
18584039
16019975
16528087
18728018
15976997
20249415
16980244
16266240
17066332
15973065
16098605
21565687
16678444
16887258
16374543
15872733
17670268
20098234
16878936
16074695
16851887
15938625
19048457
17856963
16591147
16520045
16257888
17085572
15673123
21814864
15697163
19205317
16431294
16117471
17079710
18485189
16329664
16636941
16269972
17491273
17721074
21590650
15738811
18636345
16346901
17059335
16641360
21172823
16424906
17544675
15941084
18055351
16476293
16862861
16259859
18660137
16956618
18265389
16337012
23689481
17730264
17037108
17233858
16226804
17421829
18556912
17377700
16460340
16857097
16389783
19206699
22878486
18634756
16082823
19829266
16134209
19899523
16755899
16822964
16356572
17127998
16315556
17977925
19949195
16346713
15455322
19736001
16031406
22737587
20968284
17132182
21756717
16825741
19385124
19875765
18192232
16588279
19570187
18079271
16463422
16692199
19535220
20420624
17145717
19101846
15723716
18444423
20192162
20867857
18216830
16398911
16171842
17817459
17208014
16303256
16505298
18527589
17106595
16504080
21140539
20086890
18087138
15809117
16686987
16870928
18939977
17220832
16442652
15748779
16363683
19713308
24660741
15825886
21573447
18338316
16509138
24764780
16739823
18931740
15891745
16463900
16780685
16997703
23020660
16456662
16331630
17378934
15696902
19010503
20734860
16610062
16877628
19140726
16367989
16854580
24768576
18943550
17088104
19759730
20081514
18836427
17090080
15598770
22207347
16210383
17285141
22211387
18115085
18880631
16475750
18500227
17278337
20702477
16444944
23307984
18207188
20300064
18794824
21321489
21331744
16565455
19574822
16138858
20243516
16545069
16113363
16395738
16074173
18162382
16028980
19275862
16050010
16450480
16393285
18437167
15847113
16738317
24157189
16883680
17608409
23345897
16162573
21302613
18725651
15576593
18466500
16325232
15599968
15693145
17629936
16356034
16901258
15852702
16749049
16144293
19247398
16588151
17900353
17021661
19195985
15797776
15943716
20035886
20730409
16137649
20132299
16041712
18184831
19328435
19509855
19267625
15897607
16369794
16950756
19567973
16225336
16044628
15827351
16612331
16776590
22148928
20548134
23468595
16217639
16764554
21608317
16330464
17426594
17059141
15760415
16173631
18458639
17624166
17963701
16076755
16166866
16083855
19380452
17258052
20712684
18401272
20651670
15893502
22561239
16665944
15813526
15978738
15945408
15987923
18240440
23099955
15881656
16385849
16275301
18599183
16395398
15935550
20730015
19696685
15716079
19141486
16228118
17707669
19038989
26140224
16410113
18539261
16566627
16209675
17794963
21826748
20836479
16727593
18930814
15914460
17698763
19692025
16177865
17980069
16705398
16610843
16772546
16729569
17641947
20155291
16083331
15971716
16367481
17340983
17549902
21056114
20012373
19877934
20710718
20525071
17101006
16603553
16155185
17238083
17835198
16785085
16307531
16629486
18084857
16072333
17056102
21623435
21272118
16497485
18537407
20242282
22990862
20308643
16607264
16289679
17418854
16463563
17038743
22617288
15948101
19375601
16910106
19717853
17127070
21834700
15783075
19509012
16177165
19594117
19024533
15858335
19121603
16823394
16552865
15812820
17114621
21017072
19924288
16332947
22839912
15455877
21853053
18624130
16113001
16040858
16199490
16469697
17063104
22120995
16054935
18436475
16906590
16444933
17697149
21110517
15896414
15777191
20134943
16043301
19108367
18973513
15937049
17623750
15998138
15811426
16118849
24821060
16052787
20218089
21514403
15662657
21135246
19527189
15936695
16830668
18341962
16035034
16741599
17592833
19036379
16852599
16662453
15938813
15808912
21693251
16303215
16473302
16688386
16511556
18276039
19716527
19382343
16166645
16523457
15897239
16278628
18970280
16856170
15937423
16636358
16181827
17431950
23200927
16463908
19002114
19626286
16617316
18017793
19295962
16576426
17304125
16394929
17137003
17858003
18986001
17041702
16263276
15478122
16313981
17220738
17935235
16612715
18268526
16454784
16450386
20779566
18176715
16037913
18606109
15901005
15987915
16739312
16727258
17271216
16455423
15877323
18707143
15847315
22097323
17363919
16102009
19101047
18036993
15559874
16692120
21591287
17274801
15878084
18391759
17033349
16757813
20919500
20896324
16406264
20023153
16303256
19655649
19280284
16661298
16110323
15980428
16221869
16397518
22463069
23515439
20669048
16316093
23062933
24927145
16402506
19888195
15641161
16600269
16687853
21864455
15969936
17084533
16065088
16575535
17296035
18109408
17241222
15786562
16119149
16059120
16293550
17554934
19158597
16544872
18962804
16011510
19969271
17124628
18816172
16165163
16134622
18186458
18667379
18086278
19721642
16379641
21325022
16156479
20485406
16887841
17343161
16627218
19531233
18237268
15847498
17114224
19086006
19356913
16060495
19938009
16021555
17712022
20941782
21967716
15629694
16343009
16128947
18117707
20671465
16102735
15483652
17336042
16088962
16224372
21166055
15847482
16531345
15936571
15770441
16186330
22583313
19372748
17754385
16089238
19219899
16464268
21554211
16055791
16798396
16040826
19330598
17626722
24019523
18077483
16820614
19097334
17283962
20185228
17534467
17213076
15717164
21315135
16185149
19198795
16449038
19422517
16002929
19773747
15537590
23257806
20776522
18136450
16443758
20565096
16599296
17694535
17198757
16898192
19902068
16407426
17401830
18525917
23080674
16881542
17192027
17649326
22091984
20240206
17155180
16374062
18526158
15700477
19298715
16384946
20307797
17028913
15903771
16226575
16531938
17125353
22112214
21702150
15496071
20735779
15585690
19403975
17012748
16066175
16085024
16583209
15781993
16957016
24244942
17297474
16769885
16613446
16426533
15857000
16077653
19092843
18319051
21311772
18890942
15680329
18894640
20254260
20095961
15888358
16548923
16549011
16339624
16854218
20068886
16472325
17518594
17192353
16352750
17075237
25861904
16232602
16172122
19567110
16003923
17082473
17286967
16242399
16585011
17118263
16001483
19188063
20111961
15782866
16223354
16787980
15973527
16046332
20178922
16537766
16569989
17344705
16822061
18333331
18240203
16000427
17051831
16217606
16222219
15781254
20155882
16210539
16176683
16028077
16522055
16200878
17719350
22189072
22583348
19748075
16359481
15671197
17361174
17025434
16202321
16613973
16449867
16183064
18070097
16155276
18419642
19159494
16815312
20450906
16101914
18643943
19335615
20728549
16508059
20883287
16082686
18378452
16267902
18830428
16064567
21745055
16212783
20639360
20128448
16788677
18330543
18210329
19847573
17096651
18484731
21336509
21222531
15916138
16595143
16001072
17662314
15940831
16353419
19852353
15695759
18604367
16902888
21593310
20120619
17451252
16104619
16355055
16913603
20970861
16450590
20029221
16052302
17697078
20072027
20553790
16822813
16612674
15896025
19515319
19849290
16580567
17100947
16548362
18815731
16224416
22799819
17637948
21458009
17101846
21099652
16029941
17063004
18553200
18801517
15771218
16175298
16388496
15981373
19441450
18770723
16409090
15531983
16184793
16170443
17675441
16218900
18554092
16110695
16495159
17024500
18586032
16721016
18708298
15978509
17397114
16071086
22407739
23667429
18827223
16377412
15832510
20190862
23752223
20282523
16261216
17393648
17258698
18706058
21388692
18075304
15834202
16161902
16207048
17200433
20763216
16543576
20144211
17233576
16813924
20359376
17509961
20156638
16631033
18796206
15820474
16742176
21377661
16365016
16824136
18872999
16257730
19448137
19347901
20863325
15858930
19278115
16238551
19055639
17483122
16218585
16550903
19841052
17037732
16871273
18834869
16491517
17447148
17291373
18247927
20645327
22128750
18639091
16232309
16399657
19408344
17096209
22260776
20590024
22485050
15971604
16449179
18516137
16517699
17122771
16530908
16223320
15898058
16239683
19566443
17830855
18099917
16704276
16311297
15672888
16963840
21021661
18587854
15817859
18502210
16697891
18817772
21502195
21173182
15893174
18650988
16839176
17627794
17255973
17064800
16458881
16572959
16656948
18648784
17970780
16186550
15426524
16664065
15901365
17327142
18654112
17594754
16203992
15757033
16277148
16380074
19545838
20267484
15988030
16237537
19525977
15836435
17573342
23194726
19435838
16361491
21622633
15870931
18761292
17100320
16513259
20562449
16222972
19032116
17658615
21705401
16155431
18083991
15804606
18221746
16566814
20928150
16008866
21101523
16696006
19808397
20301496
18331361
16209274
18880247
16376913
16437395
17095048
20044074
18311117
16858738
16182444
18716842
19123893
18902622
16777651
18525179
15798350
16389726
16522225
23595712
19870389
15858754
20513772
17021083
21625472
16860121
16142322
19451111
16192182
15984914
15910930
21886469
15728580
20215364
16228971
19690179
16409252
21182680
16396351
16542308
16454102
16872761
16590501
21758557
16180418
16724465
22436430
17750335
16930356
18166708
19639772
15639983
16960851
16029585
17127854
19877872
19691407
22277594
17469818
16037168
19888093
23085882
16325707
15875179
16298789
16238258
16092570
19904504
16198359
18479851
16594113
18030395
17278263
19045179
16752108
17375160
16847152
16385549
18433828
25785252
17155638
16197212
16028696
17478005
16209804
22183432
16263711
18507454
16110040
19942848
16851613
21317075
17805516
16100012
22795779
16391211
22404424
19118253
16616496
16426845
16816388
16193729
16500786
22156110
21098757
20613936
16201678
16371012
20782846
16675293
20903135
16382773
16901763
16644207
16900173
16961724
17688004
16235287
16354750
15918373
17280531
24598123
17454093
17136324
20100858
15682498
17774818
16692459
16420416
17515848
16910339
15587740
20846648
23337847
16534550
16446829
16215111
18826683
18524011
20651312
15697828
18720727
18093898
18236545
18265632
22424805
15949510
17051747
16149003
20815054
17210316
16274562
17467976
16182160
16691525
15735685
19969033
19212043
19586767
16685682
16063557
15974369
16516750
21092319
19243363
16358777
18450676
16733904
16389113
21296380
16249961
15746817
16689240
16337211
16136574
20031300
18334793
15820364
17915079
16236233
16489197
18497235
20511995
16464904
19498278
16466508
23824149
18459121
16605163
16158948
21177384
16032458
15998687
20209556
20126312
16407384
16306501
17952089
16746435
16757804
16698125
16792159
18098804
17257477
19727155
18878524
17886132
18807909
15576190
15841060
17664455
19161252
16212105
15951495
16479180
16507072
16185697
19568643
17036451
18790335
18262123
17118304
16017299
20759814
16577492
19130330
15559763
16711082
17176768
23928593
16383199
18467824
16184256
16537275
17325111
17437441
19911111
16011956
16011494
16147657
16132595
24227077
16595206
16937117
16210600
16411313
17797347
24827135
23578156
16500702
17554595
16258640
19843015
16619467
16024973
18104763
16293953
16891022
16196646
24030882
15369608
20897154
15651581
22176009
20432015
20518129
16406621
18973111
17691989
15602474
17855490
17373029
16088622
16850441
18980094
15756339
16134158
23039127
16731464
15880107
16473888
16105004
16561692
17480976
16772095
16652255
16054232
16631314
16147758
18168990
16647955
17703761
16372136
16568255
16293160
16175948
19959459
16581976
16755612
16045925
16257254
15765704
16227851
19523903
19179251
16067634
17800294
15985212
16054520
15988242
17641677
16449563
17221562
21270300
16142339
16361393
21342626
16401534
19083057
16482894
16456464
18392736
20043039
17970657
18617980
16032483
16032103
19467386
18965049
15959640
16029105
15874547
16209425
15963356
18570036
20665761
15758543
16695273
16328138
19759862
17833604
19430363
19204572
16176511
17142231
15794689
26640748
16920629
16065604
16787078
16161419
16637260
18265375
21354279
15989018
16522056
16637467
20067540
16170726
18975548
20314175
17749824
15518128
18955271
16809691
18196412
17213408
20069172
16173431
16289059
18112977
22154163
15951752
15770432
19001303
16414094
17012222
17355985
16578987
16053779
15921904
16815298
17215528
20012934
16729060
15908823
16435026
15485303
15740915
20053624
16394035
16270825
16291663
18989835
15746137
16143524
19944246
16397264
16260702
16652965
16157323
16120972
16154451
16962643
18223295
15942975
18250439
22544188
18748455
17931290
20687694
15667390
17328102
19803977
17436250
17949611
16318702
16205632
18613033
15865864
16616176
16563714
21807745
22002313
15791697
16765561
17678154
22781843
18289655
16130153
16225635
17679106
16177835
16014370
18405090
16101011
15595125
16042256
17255439
15661307
20485900
17203177
16293224
16176420
16324160
16357403
16113716
19126717
19197852
15829830
17743249
16324144
16846396
16048793
25767037
17340918
23517295
17108995
15986912
19856884
16286281
15862177
16578310
16289144
16438883
15838790
16922865
17538880
16427226
16816437
15867524
18222198
16289368
18890705
16752513
17350349
15832924
17187977
16584274
20068131
16241312
18477906
16240741
16086784
15889281
23607753
16392466
20305295
15546640
16849144
17288111
21878367
16070038
19077457
18339874
16854597
17829222
21668857
16480516
16345087
16132128
18024387
17585285
22069470
23010977
20443827
15698242
16490111
19362730
17239427
16307473
19363674
16173980
17588092
17061028
22188288
15796841
17964523
16034177
15737467
16952016
22683241
16169216
18679247
15872054
18416826
16558074
20798888
16752630
18781695
15538350
18365434
16569812
17238034
15824817
18754045
16042952
19332381
16845104
22630212
16048565
18748127
16020980
19920723
18976231
19916513
16704280
16407831
16147395
16874299
20102698
19726931
16198442
16040561
16098840
17212624
16310550
21072498
16128323
17725499
16129755
16751450
19806932
22602782
19663458
15481799
20589403
16307640
18954185
19219698
16474000
16403270
17455018
15963435
17362778
17649790
20473403
18414501
17370313
16775204
16576456
20353398
16338642
19638346
15996752
16468719
19713368
16414453
17962917
16772871
16205609
16423406
16100541
20028345
16800718
17050949
17051986
16424570
16188008
18667379
20466766
16400132
16086286
16970326
16320784
16568145
19408590
16579915
16928005
17546500
15677061
15996171
20163858
22059176
15687114
18944168
16162648
23164890
20964930
19375899
17943893
16521837
16233772
18276875
19217119
16446013
18964423
16207164
18299532
16438395
20104284
15953776
15893081
18568151
18570319
18377546
18515553
18995162
16033672
17047114
18835365
19826164
18292447
16331739
16470742
17124016
18550354
17069802
22906279
16273269
16562918
16469455
17397008
17192492
22231013
23840872
16452345
16378220
16122905
18383548
19868397
18065260
20775925
20979590
15785293
19420062
18161917
18359984
16396696
16589856
18955063
17004295
22820456
16372894
23551597
16270039
17619818
17724624
22407221
16174675
15785681
16407090
19323128
15976653
19029301
18241641
16438730
15964123
16594445
16919570
22620028
17950388
17690507
17743349
16276331
20693881
20707687
19021493
18819955
16473181
16267141
17137684
16410454
18973608
18770321
16003296
15724782
16029889
20622259
21399147
15981304
17692598
16291509
18951864
19036763
16600771
16162571
16207174
18433845
16002035
20033179
18181282
20627357
15636892
20820027
16302175
24744173
16333894
16444724
16103507
16159343
17884397
17375096
15924377
17026095
19217777
16111162
16266102
20248662
17561199
15963777
16269060
15931201
16171121
23824568
19366770
15752169
17725464
16116216
16952446
19992498
22762140
16164874
16536187
17084523
17064270
20210742
16069873
16077011
17147731
16827590
16672309
21389749
16047962
15721120
18538865
17009722
16399961
19791503
18792849
18791037
16855741
19995152
22626796
17101467
16216138
16471292
19239852
23066158
17508813
18248238
19367266
20938070
15738268
15967260
16550215
16545269
17384086
16381440
15712104
15573182
18261110
20094598
24010964
16018526
16549418
16414693
16338810
16433863
19623863
16499545
20667510
16511858
16237875
18187127
19311951
19677773
15872786
16915135
15876147
16444795
22177860
22853544
16677226
17656407
17040380
17504381
20073200
16648980
16050483
17786430
15992390
20515475
21938291
15862535
16449107
16325328
18569451
16606292
17315730
15719435
16984524
16217274
16584197
16160745
20956672
16386690
16791699
17953363
16189447
15919884
16347487
21382885
17659353
16051771
16796597
16930621
16889460
16008789
21999225
18473298
20671101
15676467
19039590
16840920
20277606
15891061
16353594
15799392
19201254
16160645
17766722
16954635
16535057
16123953
16151626
18149541
18410266
16124419
15962881
16747340
17877993
16312953
22639239
17596984
16024477
18546115
17790326
23083826
16187613
16705911
16455007
16281634
15519467
18406555
24248569
15995574
16230724
15782235
16182927
15629120
16117892
21951048
21741668
15794149
18991569
15934633
18493239
17141395
23566334
15973667
19011503
16111265
18257781
16528982
23533080
16326317
15896270
16053472
15914917
17376308
16602554
21762616
16069805
16979747
16355691
16675520
18603990
16401534
16160521
16245381
16434920
18913868
21480483
20037925
15688566
22513795
16311311
22783226
20509802
15636108
18098040
19856675
17848013
16856824
20115608
16639439
16136686
15935736
16521534
19037583
20825149
16338568
22132741
16067472
19262380
17795264
18669533
16393373
16316553
16049412
16812251
16014119
20767440
16748903
18250586
16012704
16306270
16051756
24325507
19567275
15968114
22849983
15507113
22035942
21200355
16025871
16676607
17232491
16048189
16461219
22210432
16079075
19502473
15929772
18651569
16663611
20085839
16497777
19304454
18353164
15977377
18117517
22902665
18808866
17918934
16119193
16206978
16900238
16870511
16298761
18286600
16517912
15704401
16400306
20111392
22506634
16132276
21714441
16893877
18020488
16514488
16892580
15849366
17294271
16248375
21677618
21372969
15716520
18325300
16251411
16116629
17260799
23398393
16109579
17787737
15335430
17520513
18071064
20007193
16393728
18330330
17092381
16860387
19035636
22804427
18896273
17459424
16353272
15984937
18117818
20118700
19898976
16088596
23355009
17047819
16772349
16834702
16169321
16453311
16301043
15926758
20585979
20315372
21009031
18855139
15970799
17692555
16910078
19401590
16069759
18435361
16572161
17648553
16770445
23593408
16508116
21594027
16176891
15929038
17316907
17002401
16770818
17365604
16429158
15972533
21682492
18440834
19675596
16538151
21727543
16193442
23722756
16885504
20491422
16923513
16161285
15603355
17351509
19160652
22044761
16993285
16459804
16679016
15852747
18642917
16667904
21255371
18240580
16238934
17234748
22187374
18619869
16072647
19472871
15907743
16509000
21638843
20724583
15767310
20027999
16400088
18827529
20471839
16431069
15942392
15970326
20589011
16683485
19515414
16657967
17939543
15809316
17482141
17019010
23171738
15984260
22036931
19986511
16540579
22823310
16724017
21620193
15554106
16682025
18631551
19302003
16209232
15902294
16770900
16776324
16011090
17101080
22785343
16926813
16311765
17360091
16041720
16318736
17013290
22130621
17847107
16006560
16873094
18098185
18006587
17247513
18543254
16574988
18856519
15475920
20579943
18084446
19378145
17488529
16895717
16295881
19683443
19786065
16503718
19544486
16605124
16208246
17225523
19794871
16261448
16433639
16111615
15888678
16412181
21601839
16270221
18851902
16940534
16588218
16896182
20387075
16088213
15855190
16021882
16326498
16381996
19944508
16215965
19391029
15808983
18128003
17005192
22925911
16629165
17095735
19905808
16445592
16598226
20831823
16909515
19880176
19085991
15640414
20657129
17223991
16234226
16615240
16162973
20768014
24649213
18713079
16127586
15810342
16666148
16199839
15833563
19367124
16807884
21531973
16267658
15858802
15593710
18685519
19614769
16291817
16317300
16341902
16864725
16582336
17446099
16478007
20809315
17974026
16322371
16752885
19673863
18413797
16095684
16163622
15901234
16039166
19233539
18975246
17947307
20685865
15803096
23032044
16943757
16205389
16232611
16615138
17095684
21806641
23130253
16530585
20389480
15875254
19037408
17286507
20132869
16439746
19717388
16130199
16173648
17264750
21255127
16577586
16179708
16271314
17213838
16273525
21692110
21892496
16127794
16936301
16032506
16438779
17684339
18837691
19143890
15683627
16600212
19173039
17156172
23494316
19516332
15408819
17656676
16446136
24344217
15785342
16178021
15873439
16244336
16289757
20109841
15613137
25913847
17502426
16247314
22115478
17107133
22334927
16043345
16294561
18520943
16244504
19769427
18106755
15221393
16501929
17850769
17795403
20396611
19253632
21770254
15648752
17597063
16510632
19888830
17155257
21188714
16292407
16191089
18649122
21802817
17209088
21025831
18413864
15714130
21012128
17840452
22162971
16232300
16134242
16395056
17154682
19330177
16822675
16341669
19420669
20198995
17460303
17080952
17951725
21457387
15748211
16847192
16328480
19895151
17065697
16714589
15939901
18082030
16328806
20300697
21288330
16585143
16307480
18828879
19094476
18488227
17542473
16122841
16010527
15501069
16485306
17567044
16586111
18059749
19136576
15536349
16205462
21253024
20621358
15847691
18420161
16004010
19964045
16379577
17287978
19324487
20470402
15988522
17559423
18240845
16077851
16158574
15513637
15566560
16578787
19536065
17891165
18252797
16053205
18624749
15993412
18928750
17668495
18581127
17869481
15975518
16572939
16683589
21989034
19713116
15874082
20735429
16239463
17542400
16748590
16928790
16068809
22208908
15886227
17259940
22885775
17614132
16289695
19074038
16582801
16698804
19155486
16144873
16501633
16534979
17768224
16092602
21797339
16215776
20330358
15448864
20029739
16435333
19871363
16796409
16788836
15804341
16160738
16549815
20263231
16204134
16158426
18654803
15689963
16461192
21784715
16053348
16677005
16243096
16433078
16342392
19299830
16180239
16209678
16640854
15785749
16123999
17868083
18796137
15768503
18428985
15889536
16181412
22243736
18485560
16845344
18953184
16059293
19902542
19475697
16813738
16709861
19765291
16304817
16433245
22238385
16254131
16199590
16931731
16227301
17495801
18278336
20357423
22907131
16169903
17272835
16407653
20343240
16707005
17935650
16907800
16460447
16991336
18019228
16441611
17219511
15721523
16400957
16579698
19039514
18451927
16581154
18810978
16402581
16034878
22755531
20670070
17000473
19792382
16232652
20109398
15982455
21394929
16532036
16551579
18778472
16350197
20106131
18470561
18235746
16190071
19059994
20639109
16974906
16042200
18089011
22761561
16545819
18700177
17879428
17076701
15846100
16415722
15484530
16420571
18181352
16335987
16843479
16419296
15873600
15696453
19396344
22411842
16231179
16405197
16148650
19337262
16854350
19565325
20769898
18610379
15909342
20741202
17712953
17471678
16398535
16983568
15955937
18145325
16178832
19675624
21425887
16008866
17098542
15987754
16629769
17454436
17538371
19672797
16884617
16152401
17333991
22047589
17333336
16520221
18236972
16352289
23428403
19028318
16572078
17354056
16095094
18123488
16528532
20342220
16116111
15818588
16436607
16508319
16307611
20565977
18270644
20053393
15944863
18865326
16685254
22430859
17101743
22000423
16568171
16753616
21980633
16459908
18965979
16030072
17394599
15725586
15569604
18338099
20484926
15672445
19087586
15885763
19937935
17371838
19349948
18935306
17963830
15984137
19693237
18102650
15825708
16103932
16330608
16014232
15870762
19679999
16362779
16705822
16723326
16115700
18919544
16053275
19410906
20695981
15939472
19813292
16738318
20460012
20518245
16460342
18629608
18956445
16090789
17394417
22456273
17978747
23471074
15764167
16871226
22092507
20091839
16138937
16241509
16315559
19332183
16880344
18406626
19940916
15727931
16028163
16320253
16611441
17980098
16138858
16344378
19185792
15923211
17887408
20159338
19431352
16702408
20512886
16214648
19773780
17291332
17187739
16019695
16911568
17636747
20064675
22448039
15913909
19381307
16431278
15880708
20420120
18413060
18747732
18367214
16061020
22451723
16337595
21383125
15706206
17311781
16017870
16374841
18741116
20341507
15864018
18864797
17497501
19713541
16421703
21100576
19540790
16134267
16394130
16499050
19213900
16701582
16924726
19882616
16985089
16155949
17784990
20632657
17486264
16274223
16171440
16188041
16482919
21317695
20720522
16860191
18936268
15601520
19008875
20461331
16670275
17999521
16560096
16211068
17100380
18454013
18819425
16258184
15811188
17685761
16641793
23134259
16142897
18975352
16165454
19633364
17091038
23259080
16439097
16578840
15895215
18362244
16585902
17027200
23175649
15555724
20775419
16050919
18913055
19905459
15763121
16537849
16641994
16438562
16247471
19547544
16842995
16596383
16336203
18337996
16316209
19141015
17072671
16428879
16096279
15991415
16334872
18844987
21029199
19503453
15896753
17069480
16484667
22531813
15746131
16248831
16239021
21631598
17216683
17107114
18325672
16878762
16382784
16203011
15850637
21324532
18554151
18335222
19164924
16039453
21322952
16967261
17304208
15901615
17645471
17197857
16066376
20627918
18177729
15935675
18427674
16204739
17286111
17827503
16789578
15839866
16640959
17623923
16429350
21568019
19971265
16395256
17606987
19776682
17056368
19502149
16761251
15580493
17051065
15984445
16427458
20596902
18673982
18154225
16661829
17696562
18344672
23997790
16142995
19204540
20062943
16573426
19198907
16003305
16948461
22841020
15840689
16382691
16347783
18103619
17780781
16989179
16277424
15848774
16405708
17614040
18863429
18490433
18971627
16355947
22540758
17576037
16666129
15734635
18664705
16381031
18705415
19935008
16019692
16915797
16310977
18075765
16668885
19615267
16664201
17118215
16484818
18562891
16751633
17487240
16248613
16160328
15971971
16826830
15973734
18660439
16973200
16565934
16833915
16294507
17642740
15844257
17434934
16758382
16814649
18035628
16441591
18157658
27851443
16075132
16699408
16141328
15876654
16277928
22278919
17655362
16661943
16584006
16814581
17525255
17329915
17053337
16171993
18889287
16583148
19546183
25102325
15905039
16454679
15924944
20654912
21489926
17963392
18100855
16113983
17130136
15669719
17302334
25789539
16377875
16228202
22426618
15607741
19855752
17021657
16337723
16720683
16342827
15728546
18214294
24290742
16645934
19100924
17370576
18625047
20910092
25100878
20173521
16644074
16120803
16024283
16367009
22949539
16396292
19703013
15815497
16993396
16165544
18507594
17473643
19923096
16145054
22424206
16473454
20441631
16989325
19983417
16226033
20189539
16066119
21317408
16456762
15795558
16217572
16577070
16214594
22015691
19324105
15949745
18108486
15823721
18376825
21433022
17622466
16274809
18909417
16877710
16951446
24923795
16353230
23185471
16074571
17950694
21657859
16774012
16435068
15724386
16492664
15938550
15482007
19070716
18777094
15940954
16104735
16602663
16330634
18296806
24456820
16066601
18683275
16254848
16189970
16980898
16345777
16734219
18485688
15841687
16039000
16001893
23037000
15719432
17824869
15917315
16453795
15862935
19163861
22895916
18729315
15846274
23607857
20831211
18177777
18403884
16555573
16009967
16101954
16508811
19667600
16959758
16113842
16150489
16260223
21714637
16291922
19627210
19227913
19507206
19286250
16365290
17551484
17455457
21319475
19412826
15840144
17761816
18109122
22550479
18697464
15451490
16916709
16015193
19412665
16948304
15700670
16102675
18487380
15535340
18709430
19391684
19149158
16020169
16558553
16458056
16612576
22584940
17052394
21109487
16565410
17492302
17692996
18650735
17720392
15828316
18166609
16932084
16815594
18913531
18158716
17323444
18807226
21445716
21065870
17119143
20711644
15787655
17278561
15752324
23716698
18973582
16137492
18329076
16742508
19058221
17398590
22603496
16133105
19600704
16239343
15911791
18207756
18420121
16317307
16128303
16184196
18751960
16264271
20919234
23124859
16120309
18338707
19275994
25340887
16783429
16749716
16652505
18272033
17782809
18525428
18184951
17432948
16110989
16543067
18747432
16505668
20144364
20152756
17989451
15818772
15775243
17201275
17876854
16719702
19380503
16317298
16325510
16776144
18435626
17697134
18203303
17172972
16067465
18339106
21085858
16202443
18740094
16021765
15945728
16484229
21293419
15773836
16324607
17647048
17410198
20055974
20705023
16515122
18603951
16373309
16038061
16164252
21893050
18916406
16376267
16538642
16461425
18060425
18728264
19087762
16991569
16288733
16433768
16914747
21859365
16392036
16423246
15905000
16213076
19104498
18863327
18236154
16155783
19986609
15738045
17080732
22590541
23008698
17584808
17048045
17704528
24190285
17362301
16315105
15933921
15600333
16770455
16153261
20158389
19010333
20784396
16110631
19353166
15877543
23552356
17068945
16503057
16420206
16285439
16665061
16060241
25231336
17118659
20274323
16224046
20184588
15751502
20261608
18743364
15954473
16627846
16205649
16416618
16627516
18292684
17475534
15968806
16175344
16366394
16957383
22553339
17038588
15840793
16257737
15915508
16351878
16327154
19008110
16796309
18409808
18332115
15780637
17314192
16440617
22021966
16550923
19267602
16531914
19940095
19382595
21925702
17657388
15763061
16923952
16085997
19911691
16665906
18029852
16402036
16889627
17873185
16321826
20737045
24265856
16378688
16280758
16062580
16868709
19832879
15597034
17984664
15990177
16346378
15989941
20511719
17592364
16455900
19004452
21168989
19429554
22402279
16258084
16352483
16903728
16625828
16436104
18817161
19460925
16007440
16301589
16825506
16502131
17222962
18621068
15782247
16912663
15896096
16341689
17950442
17032102
19439822
16678645
16156604
16029737
20464936
18502807
16569346
18361290
15874693
16349911
19832847
17588545
16594116
16427316
16004081
16471880
18239130
17002698
15835590
20131850
16181527
19191431
18982151
17574994
15602222
16133493
17795998
15780816
20897485
21406171
16011059
20408513
16244527
19491118
17519012
15828805
17957198
16218207
16492919
16733544
22521267
17435475
16456051
16406280
16218851
15928563
20212951
17425684
18540466
15890896
18630011
17336929
22297885
16187368
21290646
16452131
18015815
16903599
19532835
16531317
16333148
15721763
19426331
16282979
22018212
17499402
17342265
17600057
15817037
18814872
16573231
16501674
18151696
15897902
16541319
16187629
17395986
19437443
16067817
16107962
15899430
16383704
16609253
20629884
16753534
16086761
16584492
20955242
17359968
23190002
16351345
16050346
16400279
17963213
16480325
24779322
16436659
16935075
16305605
15865351
16691550
17659439
16383518
15989072
16287921
16278970
15871638
17839857
16924435
16658929
16323908
15902061
15809400
15876713
22175482
16569540
16016771
16029578
16114242
18573500
18899861
18922185
16698799
19214224
17756266
16818887
19062098
18512782
19510329
15782043
17162367
16194588
16945260
22287262
16244415
17405340
15765958
18810788
16351985
20195230
17380498
18986621
16590361
22264724
18926410
17375488
15932303
17495426
17178527
15993630
19088699
18291173
17680031
16321501
19038188
17853788
16926475
20194830
19834428
15887390
18237224
16311711
18820043
18400958
16627773
17079109
16427029
15998344
16568088
18086449
16464931
16411356
18194437
16162761
16812876
22579662
20888138
18311166
16535759
21047741
21716220
20949109
16116283
18664702
15973997
18015981
17764286
17877904
16709553
17075690
16419155
16624749
17440726
24577765
16756385
19491650
16265106
16349143
18673734
21423981
18132974
17643747
16588700
17734846
18877047
17268631
19204014
16152392
16118859
16005543
19384681
23028652
19263630
17600205
17947820
16907138
19547449
19570833
18475389
16472008
16384416
18368956
17056188
16670365
16144454
16059348
19569167
15814981
17847583
22499066
22091173
17737485
19067760
15927057
19023496
18813114
16506542
16337166
16334522
16009383
15910974
23852005
19509479
17175470
17477458
15795585
21368203
16471909
16760808
17305740
19879953
18979556
18670362
19685335
16496305
18609442
16998532
16769622
16621627
18494445
17064925
15948389
15725499
18249580
15557044
19945259
16319796
17560590
15357457
18255960
16302874
22501747
16794259
21858214
16789937
20849187
18503916
21429516
16095600
19530228
21092835
16151628
18451473
16728064
22655495
17465074
16211992
16172853
16697187
19709959
15860025
20043296
15756737
15691161
19688485
18836484
15934041
16169443
16416754
16254407
15635135
18685425
18006132
17531386
15755837
16168501
16100056
16297540
20260201
18257796
16349983
15655426
15835642
16176197
15929367
19171293
16326048
16506251
16779341
16485673
15592204
16403900
19643786
16672337
19586033
18625299
16101952
18745090
17388116
20724558
16630748
19419373
16327819
21218886
16648196
19424847
18255789
17638706
15987175
17083270
20048695
18737858
18102816
15912338
16929803
16282263
19642810
17997356
15825605
16493949
15914657
16578575
18028668
21582238
16666632
16599723
16569983
15702083
16685225
18446612
19538070
15959189
16953164
16382615
16681512
19119216
20601205
15990832
19184803
15901589
19386769
17189362
18280754
16225290
21647793
16115959
17501412
17450407
17566424
16336644
15820965
16011737
16505225
20581889
15840676
16097133
16196059
17845464
17436571
16700533
19330449
19350732
17516188
15948619
16509345
17337345
24245884
22187381
16156557
17940598
20496311
23050320
16133896
17085259
16205927
20465892
17147987
16778864
18355167
16317314
16747557
17993428
16631800
21821106
20833340
16536849
20259635
16184977
18669896
16470958
16169964
16256214
17490138
15914272
19482593
20827561
21182620
19740481
15650096
17573678
22784269
16868703
16706797
16894496
19377991
16032031
16306674
19993467
16429198
16028306
15866028
15914163
16164595
19361474
21599865
16843466
17305910
16061168
18559153
18179822
22623888
19344869
19110147
18653938
16667424
22467972
25054643
15953792
16421391
16428029
15478747
18503587
22056289
16108315
15853989
15710742
16199043
15766244
20449029
16045108
20900446
16284166
15911476
19987015
19323493
15989474
20504738
18008490
22431120
18903283
16997095
17835225
15730460
18470579
17060589
19930948
20875907
18736669
16093173
18689659
16487009
17134111
18293925
20064421
15646779
16402528
17548456
19120177
20235791
19329691
15860107
20948687
15936619
19732907
17801223
16007422
16313757
18246766
15964697
17569542
20139042
16607758
16539674
16039475
15603849
16222489
21462474
15870771
18021812
16735597
16569796
16815339
19592778
16414124
18543238
16779932
15752844
16460359
17863203
19769572
18346756
16317215
15968490
16252154
19027027
19599139
16270937
16312597
16457286
16861654
18706261
15877488
15943913
15777484
15328369
16138430
20799416
17164352
19775318
16224545
20398386
16007989
24637948
17110204
19054784
15630650
16898599
15592561
17812622
24388033
16626473
17113403
15687543
16507184
16441984
22428283
15822984
19604300
15869957
17018900
19480131
20387053
17177685
22979470
18041407
16039392
20658530
19237655
19106617
16520644
16558724
15892377
17058377
18864706
16601986
16324766
16446857
16165528
16765336
19291097
21316784
16089225
18052365
18738637
20139957
16408417
16179932
16769522
16122537
15694435
19792974
19987768
16943575
15835548
17360085
17450031
17616013
17675165
19814575
18172592
16246333
16088088
16933549
21904989
16767186
21195484
16267068
17728648
20367075
23433180
17200689
16245270
15830415
15674369
16062936
19548548
16052027
16164926
16959702
15967695
18917073
18245592
16912518
16039170
16008569
16152224
15828017
17870161
16866325
16265505
17566270
15714044
16264057
18913196
20766741
20034560
18191440
16142121
15947436
17226896
20677549
16102541
18737292
16791481
17883440
16492035
20856097
16763211
16977506
16643156
16262862
17117897
22268795
15956322
18916538
16278237
18909897
18517554
19264225
16280635
21011366
16923693
15908192
17096298
18410331
19918790
15623699
16063640
17503728
18791718
21806409
19595406
16036361
18919001
16372380
19291071
23498406
15802048
16122148
16102621
16476661
17312821
22391032
19541916
20205440
15801718
21475695
20154011
16304842
16171142
16245028
15972630
19063807
15971228
24287071
19499547
17239796
16571172
17978719
18924932
17325299
21013017
19250770
17013683
16692443
16215099
17381350
23207249
18210809
17148469
16266159
15985472
18206026
18398208
17280936
17264519
16551464
16129967
16382381
20554346
18386564
16344042
16613785
16773499
17160361
21151931
19530019
16031793
20639873
16222472
19238665
20898102
18049169
19723100
16042964
16772937
19128648
17809023
18279585
19418319
15512187
22248759
16637715
22270297
16294531
15882508
15642379
16515036
16209379
19563036
19354868
16806289
16294826
16679020
16565656
17398566
16331522
16838310
15990838
15744306
16366438
18477488
18326611
16415193
18807862
16290558
15794631
16231809
20030647
17882374
17542473
17355557
17720772
19685976
17994681
16539160
16426130
16039796
18293553
16178707
20317207
18623314
20602568
16206260
16033903
17090928
25384433
22162487
17869002
17252593
17350178
18571983
23224083
19101059
20985027
16201209
19093189
20729767
16243076
16002111
16151917
16111769
16244905
19513899
16124424
16763854
