Lenna.jpeg
18969270
14320506
15229379
14389764
14205376
14895245
14456629
14680420
13867095
14052005
14535677
14408990
14239754
14021817
14393457
14151968
14641022
13504840
14069193
14934295
15405855
15012135
14132516
13769545
13877258
13970993
14600367
17513206
15155573
14323528
14429315
14256493
14414566
14529974
13734811
14956413
14754000
14193578
14594888
15136267
14078736
15500524
14342855
14775413
14880995
14637396
15050000
13768829
13907313
14273842
14993994
16806122
14382847
13761485
14094052
14288072
14980361
14675082
14352418
14360983
13962375
14022426
14560461
16336399
14328835
14391694
13973041
13477510
13623478
14102396
14375071
13911695
15022508
14417148
16165907
14149683
14167863
15066418
14712931
15181251
13527604
14113651
14883934
14858032
14787810
14116527
14935198
15198446
15069139
13967700
13854545
14815153
13924187
14180378
14837089
14782359
14894759
14423364
15130073
14333016
