Lenna.jpeg
21172015
16036560
15941442
16394011
21360366
16070295
16308374
19107428
16988969
17458173
16233087
18398222
16004287
16732060
19355129
16196269
19320238
21720055
20702294
16696370
19650695
16509057
17578692
17855546
16280676
19134968
16221797
18513181
16877401
18051560
16529235
19329366
17130576
16814253
18718994
16721263
16752339
18388704
17450596
16023324
19847056
23177261
16829791
15654010
17098427
16144747
17134121
19294561
18876065
16662535
16291084
16325195
19064618
17164723
18317066
15800447
17330362
19524177
16341954
18709751
18540116
16153144
16208112
15928517
19077379
19343678
15801446
17155758
16280279
15751268
16778872
20759597
17395161
16616219
16262008
17078332
19505550
18625513
20642559
18066448
17446121
16277117
20052693
20295710
16016082
16004785
17062817
17750469
20678700
17239635
18549025
15742386
19662925
16060126
16690351
18117137
16340216
16010177
15850693
15871423
