Lenna.jpeg
22284211
17155522
20359342
18371585
16090646
19720677
16383450
19260503
18653878
16407203
16018432
17060431
16410775
19111524
18548508
16325510
17022220
18602335
17448334
16731104
15991433
19026248
17014363
19457545
16147215
15841607
17528829
21511745
16726532
16314765
16595489
16076269
16482551
16087942
15666073
19883980
16730615
15756045
18545405
16730358
16616421
16349942
17771967
18193216
16461481
15761792
18253565
16510212
20825106
15891823
15926454
16064542
16241435
16472384
19309153
20431894
15994485
18656649
15926532
15445916
16408396
16197315
22061926
17521613
18350151
16207109
16468832
19048182
17471542
15894152
16171097
16080273
22632320
17751836
17703052
16178349
16946583
15657938
20205779
16082300
19015528
18101360
20087099
15812455
18998732
18343491
16090154
18221354
18714023
16075940
17487107
16453055
17502854
18998242
16920274
17866851
16669178
18780557
16851806
17433052
16696379
16411631
17552110
18186463
16457061
18505686
17935022
16534800
16609066
20838404
16534307
16428803
16509053
16292854
16754236
17027153
18434312
16439425
16219034
18304787
16829478
16326047
17710644
16472589
16916799
15887366
15737107
20511964
16211227
18800649
16117052
18270649
15862275
20520337
23439484
15930211
15768112
22288114
16398787
20551732
21231629
17540172
17938581
16052215
18636722
19488159
17322780
17232909
17155629
17634411
17010764
15887240
17703010
16789411
16225253
15705873
17235584
15951358
17501269
16446578
20727619
15525080
18479433
16125689
16942632
23040986
18799745
16027254
16108818
16403963
16784798
15911774
16968334
19654695
16576727
16140245
16209503
16376431
16471173
16667951
15757525
16853947
15971332
25279548
15747644
17068074
15897234
16947334
18660491
16710052
17317393
22195932
15672787
19325988
15887565
18132096
20007476
16871001
17344490
16703521
17129145
21494235
20637348
16380538
16035427
15684801
17266142
16147933
17728711
16370996
16226423
16547643
18454675
17330354
16326932
19101213
19104252
18472188
16889815
16794069
16329054
16326319
16162049
16215897
17970383
15763640
18406809
16391460
15756464
15944672
16544290
15968207
15807139
19057643
21977963
15492810
17303663
16278419
16407508
16096310
20369355
16183031
18186426
16097610
16623678
17054194
16388271
16017453
19756721
16167638
16137301
16435480
16291161
17713317
16106639
18704081
18799732
16317713
20336675
16250158
17974120
19565443
19711185
18576308
18721519
16342253
16912596
17724159
16589238
22298662
18456178
20904986
19522456
17931982
21448644
24861018
22313769
16956150
16536495
15327375
17952133
18426385
17577567
16207331
15942278
16063149
15817790
16042179
23849642
15800130
15600141
16308681
17360701
16400480
15957000
20510154
18360609
19057645
16195678
17678226
16739352
16515673
16051865
19636352
21188933
20087399
15699424
17117237
20909514
16245513
16191166
16712000
16104533
16620495
16582863
23027947
16372357
16055504
16520607
17107303
16541503
17175496
15977676
17936311
19490053
20181135
17691387
16891232
16116634
16153545
16752434
16493693
17030171
17509934
17228274
15800873
19041555
17140403
19647361
15955485
17988140
18886379
17538094
16520561
16881661
16255324
19773677
15940664
18992301
19393544
23759865
19679436
15872049
15991674
15687877
19222237
16586704
18993350
17664835
17040521
16084902
16874718
20616203
23050924
15484142
19722924
16203010
20541847
19351826
16391601
16778676
16390893
16113046
19985940
22853552
15784675
19036941
19788615
16025952
18627602
19615639
16420226
18597982
15998589
16168193
17308860
18770120
17856872
16223711
17850062
16255491
19991191
19314257
16359757
16163777
20916521
16075184
17271086
24849932
18580082
16550854
15865165
16242802
17485830
19435637
16893933
19301861
16065236
18756155
16922650
22247425
16141827
22203223
16372891
16171994
16749737
16570067
16168076
18690005
18334178
15937488
18583581
21342600
16982452
16116828
18679488
16003615
18621094
15832506
16114891
16036801
16832355
15659883
16337544
21701079
18241346
16795613
16624843
17612315
16488654
20838993
19589553
16130910
18120199
16332801
17483395
16890468
18619758
16325033
17439464
16339991
18691759
19475270
16046621
16721915
18765171
17455168
16465559
16282705
16368887
16318368
21032333
15596547
17629040
22066624
23457628
18586148
15985147
16218309
18975322
18576961
18492681
18494853
15941469
18715147
15782056
16431562
17159338
16762766
16918068
20133592
15970256
16215512
16877435
16865997
16569351
15692542
15930178
19999913
19025788
21582864
15593786
21717475
15869309
20360672
16979995
16232116
15736640
16356519
18462704
20724104
16285563
16170774
15645504
20009640
16428039
16480791
17163993
16710798
16193940
15845310
15995825
15706598
17785196
15675435
16805980
17427298
15421048
16250679
19387209
19706087
16035844
16010953
16714406
16115233
18236272
18026712
15758783
15995544
17302929
15779246
16340595
21121980
16968786
16034975
17146685
16312216
17015141
15931984
16722465
21474543
15685085
20514274
17854412
16372209
16178315
17012949
15772105
16175798
16011475
15828519
17021594
21112373
18335272
18538615
18327778
15739887
18686368
16129923
19735881
16158097
18765537
15932104
16023125
17193585
16075705
18280873
17891788
15498863
17256634
16430664
19336762
18697443
15985647
16289232
16336657
17090561
17319265
16599683
16173785
16622392
18551270
15428717
21770482
16337635
20531396
15576040
19068428
16571401
16234201
16440739
21692023
17220948
16651341
18108926
16878859
16019926
16032374
16944923
19917144
16141157
20100915
18762061
15759671
16078950
15980752
17789900
19470931
16153936
17436807
20074393
17288134
16122532
18434448
16395862
16384880
16305192
15735967
16348489
17005746
16283734
20963099
18153550
16574307
16165941
16368010
19963354
16160214
16015029
15778771
16236277
16057410
22333071
15782569
17176949
15457385
16968031
15894842
17468208
21454532
16607023
15884983
16475711
16738562
16770240
16336099
18410191
21119639
18373891
17212462
18764523
18016771
16702307
16047084
19930710
18651270
17217096
17247056
16771011
16476817
16403305
17666597
21449584
16193501
17526246
16574243
16850923
16361712
20381209
17435522
15439025
19267417
16824290
17787602
17497052
16998335
16653942
18222144
15926439
16460944
16271239
16125995
16522142
18419378
15578227
19148067
16350238
19529381
15813023
16487604
16036368
16871757
16857838
16197752
16507550
16028191
16000604
18928148
16377691
17849521
16219365
16236819
16396126
20710770
16855690
17985612
15892405
16226308
16471900
18308243
16034527
20825494
15796554
19367798
15915036
18139369
16291904
16801362
19651944
16262063
16274439
15792285
16273733
17137302
15581260
16074354
16121630
18806856
15959414
17489001
16790612
16318328
19456532
18413059
16063792
16423975
16019518
16843712
16890867
17933259
17912635
16679071
15860942
16247623
16953528
18722429
16217253
15833990
17046500
17070272
16215648
18170521
15639937
21565559
16507676
17527823
16602847
24334510
15437050
15873396
16127661
17148963
16261411
21116677
16674909
16075939
16804624
18370408
19251361
18115579
16420119
19042992
19441039
16193813
16217853
15938077
16230931
16400774
20303740
16396572
16251101
16796575
16508065
16269268
16165800
18637128
17640419
15925518
17731850
16552232
19585369
16532212
18847994
16448817
16381083
16391309
16434139
16087281
18987950
17983344
16155772
16580910
16493638
16406336
18713609
15648534
16633693
16128063
15893676
17900263
17356970
18557880
19665892
16406150
20113602
16238111
23835987
21575602
16204144
16638696
16191355
16401497
16227473
16483064
21557058
16121411
16126326
16079209
18433551
15985722
17011344
17651348
15696248
17503212
17403016
17093834
16131193
17104932
15772751
18180416
16611557
17115376
16177711
20844857
16204793
15970836
15652650
17260298
19672392
15787720
16995372
18614805
17155857
18730304
17058108
16311887
16530421
16032777
16166715
16401598
17199533
16960350
16300073
16279105
15758775
17086275
15759219
22612996
16631279
18781332
16285330
17095535
16016568
20250776
16181350
16253551
16854901
16349771
18139432
19043579
19877496
16395091
16443242
17983569
15613151
17537217
18636962
19681238
16354183
19380454
17198122
19823242
16195946
16636142
16534386
16750179
15897964
18700298
18814068
18031578
19931071
16844397
16323844
16424676
16333537
16329986
16225376
16082004
15971514
19666532
16128115
19063291
17428074
17328620
16731105
16693123
17212900
17460966
16603538
15999432
15613132
17107655
21056474
15847619
18751308
16136623
16884749
15584925
15900397
17938651
17019179
16560905
18759878
16240637
16513168
15995666
16947125
17909983
17806937
16026547
15739818
17802190
15920224
20161878
18222332
18897492
17909600
17578221
20291439
18147488
18069663
17245575
22731586
18209850
16241162
16716584
18430296
16378035
17381305
16091983
17930843
19558118
19517681
17619964
16189566
18151284
17122319
18930912
15606406
22846567
16269031
16369332
16423813
17700297
16549149
17082812
16107046
16479697
16453731
17044960
18308929
15965632
18034410
19520884
20027517
16001573
19744208
16069662
21164033
16847271
17970288
19026877
16370854
16050385
17258145
16462700
25402850
16480449
15920376
18993615
