Lenna.jpeg
19003722
16449658
15072514
14730678
14455617
14931249
13657533
14754907
15564466
14712369
13268558
14260317
14865123
15383501
13954598
13915410
13906834
14476423
14021035
14840339
15214488
21012548
14363161
14483822
13988487
16605483
14025779
16327948
14654176
16120519
14271218
14913779
13961561
14716741
14399028
14697635
14222729
16592463
13517588
14253155
14497550
14520994
15322570
13885521
17876437
14500954
13280251
13880155
15916078
14215991
15226532
14389140
13639431
14465496
13869261
15244469
13873070
14551573
14537643
13421160
14095291
14065806
14474036
14020977
15184586
13367029
16049150
13872996
15006209
14292869
14642895
14376103
14609112
14550210
14367921
14546457
13856082
13858605
14150866
14864433
14525103
15174997
14577246
14888579
14918002
16165304
14547295
14134093
13424188
14218345
14091319
14229281
15726501
15301582
15675718
14220931
15293087
14817324
16538598
15485856
14717327
14421180
20679030
13636467
16107058
14327003
18724416
15541708
14113132
14357030
14122436
15033951
14370526
14609545
15188835
14495051
13848392
14550076
14293109
14115215
14423462
14888453
14048882
14531730
17695284
14578481
16047044
14600748
13221308
14974005
14389704
14529381
15244563
14167901
13930862
14635316
13883686
13217045
13815173
14735336
14160747
14074362
16513400
14173453
14122038
14165295
13955698
14313815
13165598
13972595
15922426
14486564
15241655
14038226
15331013
14706812
16251321
14610880
13530750
14422598
13417790
14063480
13738743
15372220
14522775
14318047
13960210
14286478
14042932
14712486
15196456
13623284
14603273
14897293
16572420
14581242
15165162
14089493
13772260
14399428
14912238
13417297
14020207
14138665
16105795
14088188
14431359
17325526
14608492
14833169
13666529
13841667
13946345
13861534
13845478
14849103
14292081
14918761
13659148
13862376
14829038
14386539
13210655
14617688
14682347
15675806
14818743
14587400
15114441
13678722
15659804
14096570
14632839
13918638
14785082
14228592
14552157
14039972
15364686
15495048
15333878
14256918
13751316
14451192
13553281
16619993
14354577
15082487
13942866
14198562
14010170
14898885
14393136
15509880
14162597
13928726
13961174
14528476
18711989
14303958
15537751
13754202
14015763
13739342
15262957
13978711
14186713
15694734
15701930
14867609
14074466
14761430
14423023
14437874
14267593
14907660
14018284
14606257
13970817
14032557
14568470
16167832
14913283
14684455
14087685
14507269
13405399
14121935
14265971
15073783
15138146
18208652
14108662
14414999
14064745
15286941
14315144
15075482
14502475
15257414
14095256
14223442
15081551
16004170
13871024
14422748
14531786
14606508
14527085
14864852
15006714
13662014
14296997
14535822
16376218
13981625
15289040
12590178
14860600
14731294
14913769
14511629
13801399
14477326
14152695
15338665
14640750
15730101
15981616
15205942
14550056
15023032
14362744
15192267
14833763
15154125
14477405
15475928
14542776
15291058
15062750
14609684
14594229
14621461
14524892
14598117
13539072
14828143
14204698
14916937
14202405
14359849
14361322
16398652
13867288
14327845
14546076
14682323
14453962
14964833
15610332
14992041
14716377
15450521
15295400
17583621
14656516
14773845
14154232
14506328
14933133
13792956
13871209
13680534
14245420
14240263
14614006
12773686
13742809
15754119
14066428
15615288
14608125
15313962
14257031
14371556
13865293
14503083
15155406
17467512
15362948
14466770
13925584
13780541
15319649
14948120
13881320
14005337
15340029
14166587
15408811
14715225
14838128
15399240
14166942
14292999
13638168
14299616
14038866
14409351
14833330
17732983
14496821
14480644
14728758
13742830
14126684
12757065
14690733
14981936
13887580
14427636
13645933
15371032
15022514
14466837
14158782
14448167
13833137
14137279
14413769
13316270
14273401
13649946
13799584
13713749
16254670
14451900
14259755
14627231
14492427
14459041
14310779
15512827
14296071
14542101
14130409
15405139
16038089
14161746
13918236
14649463
14787232
15653793
14748992
14436033
14825846
14811104
14343824
14084578
18472388
14881837
14448617
14192168
13979876
14229601
14053727
13395794
14223449
16064991
14031160
14670407
14734266
14498908
14766261
14633748
14279413
15767133
15824599
15204524
14116470
14044504
14031061
13827430
15320770
14161867
14965618
14029642
13316578
17065857
14749207
14464902
12336856
16530815
14375202
13629627
13633612
14721423
15037356
14754630
14258876
14219734
13683063
13416614
14175466
14158291
16011554
17842267
14951855
14067411
14876039
14108685
14221240
14141377
13920456
14784198
13720991
13456077
15375934
14599945
14426399
14915392
16017459
14538462
15540544
13792374
14498726
14532902
15094313
14474670
14446266
13837249
13586239
13466073
14633084
14290339
13578819
14189998
15532593
15630128
13946043
15253572
14025897
16009259
15194751
14410981
14723343
14367486
14632027
14515392
15063001
14036523
13968021
14111372
14500629
14762006
14448383
18633712
13669728
14953703
14377162
13962453
15271842
14450427
14825627
17410095
14034025
13755261
14431934
14152251
14551648
13808797
15340206
14211339
14953236
14580462
15094894
15311125
16359882
15012596
14971661
14386327
14160411
14423393
15000776
15471497
14593742
15206839
17585768
14782121
14625898
15539807
14666057
14167349
14262083
15081038
15547789
15293159
14536012
14800044
14205546
14235157
14132632
14404861
14340764
14921522
14901590
13551250
14249660
13994175
13420129
14307580
14100537
15749586
14092125
15508387
14282949
14432907
14133119
13795578
14303701
14526092
14219188
19985273
14132543
14437540
15355465
14899490
14702176
14330238
13240685
15299348
14484349
15173619
14738388
13660491
15269483
14139404
14017002
17380738
15835476
15136597
13581386
14419621
13941129
15383317
14170002
15504769
15179504
15366795
15128593
14305913
14481702
14118922
13847455
20822241
16634210
16018079
14960500
13527415
15341912
14413760
15839758
14319605
14463960
17672738
14061953
14223768
15122440
14622856
15547237
14576206
14471918
14309520
13981952
14393255
14574135
16007293
14111142
13915853
14519200
15444066
13993180
14921942
14584171
14645906
14197839
14017712
15175455
14535049
14517816
14641242
15551192
15075390
16407102
15454798
14895155
15179271
16533741
14893704
12762301
13972676
13845588
13363093
15338972
15438331
14728532
15636453
14290569
14356453
14511053
13656159
14143281
15497279
14920826
15272882
14171516
14410425
14104542
13632392
17318730
15552020
15421211
14092071
14545382
15956402
15065764
15216939
15392466
14601572
14121072
14746083
14021618
15600265
14211866
16141654
14756932
13857492
15380487
14470717
14518989
13898274
14614071
14885334
13819818
15168866
14465893
14309785
14560600
14977462
14637522
14788160
15395725
15015334
14920101
14437148
15380408
14124367
19913105
14742538
14215868
15579613
13915920
14119921
14453465
13786236
14910162
14410418
15094272
15253167
15935529
16663125
14707773
14008914
16144467
14614343
14244995
14579298
14464327
14441922
14703313
14612201
15071155
14426282
15160272
16007020
15375624
13991798
14130783
17132027
14198905
14841759
14496980
14463092
13527580
14793091
15293385
14319166
15251725
14370219
14645829
14498927
15884363
15497693
14342738
14382983
14371393
14544591
14699644
15542634
14660785
14241108
14864379
15187000
14507029
15963730
15104170
16325100
13030439
14460852
13661618
14090444
14693310
14185564
15903136
14518164
13903387
14496102
13850016
14926120
14872932
17293962
13959806
14538394
15120716
15067886
14838633
14844084
14185349
14303450
14081149
14670214
16561358
14759356
13997810
15120910
14610684
15601636
15286274
19204822
14383286
15448248
15076905
14755853
15805317
16035541
13821082
14370018
15366715
14703125
14310709
13791665
14104401
15233942
14618260
14976978
14597552
15416256
14423142
15412075
14955137
14591883
16617259
15243586
15322596
15251873
14448317
15113828
14440042
14478860
15617202
14324068
13877463
14658109
16684440
14929410
14150722
15091743
14627841
14325443
13867446
14507550
14141618
14481306
17021142
14067281
15086240
14318434
14519729
14364259
14776353
13943287
15493396
14629795
14153228
19924448
14753801
14839208
14941302
15652096
14714828
14466716
14592297
14237278
14376959
14379997
17375682
14102183
15329086
14607281
15106198
14550776
15597614
15334962
14694536
14257424
14023642
13934721
14345560
15069683
14973605
14788183
15152370
15165349
14556189
13987802
15250353
13777564
14524980
13762337
14450316
16331733
14906612
13985645
15166193
14861602
14667139
14655483
14715938
15545884
14258782
14696091
14958180
13639786
13889650
13629292
14258123
14871059
14341010
15830867
14371391
19120142
14429945
14151037
15351766
14657936
14239518
15520781
14595489
13726367
14437884
16436857
15668718
13521572
14219401
13846108
14395262
14693763
14437659
14935390
13861961
13864631
15768051
14600319
13863651
14495089
14010283
15060718
14026194
15016136
14482620
14951890
14515529
15387329
15145501
19349626
15034299
16005547
14286051
13659582
14210302
18361254
14736393
14362249
14685257
13980102
14691663
15031075
17361829
14229551
14245184
15407055
15242590
14198625
15226857
14538826
13856816
15317024
15418520
14323517
14843995
14981853
15612654
14027916
14928819
14530028
14366094
15098173
14065636
14597515
14578074
13870311
14159753
14901644
13368828
14202087
16788959
13676437
14546901
14797892
13934830
13927047
14117075
13609785
18305926
14620138
14778238
14335023
14144578
14969990
13939067
14522930
18685558
13590498
13970832
13964180
14907496
14971241
15125277
14583020
14743178
13858193
13954261
14070333
15102893
15230628
16086710
15260859
15257930
14409467
14659964
14733258
13943445
17069782
13626812
14404271
15117984
15343282
14974591
15608499
16185289
15255527
14479359
14959587
16820403
14880184
14360432
15071584
14020067
15805988
14154964
15017161
14738899
14782788
15098708
14920867
14452715
18089847
14490479
15508919
14818099
14634838
14203495
14711142
15167984
15637569
14764932
15386408
14331230
15889035
15442487
14833831
14408891
14476192
15538622
14040873
14331006
14766674
13121519
13830212
15119187
14445384
14654535
14639611
14310535
14110049
14197187
15484862
13793963
14359236
14991517
15170714
14861193
13005883
13209433
14214440
14921993
18189356
14165744
13910561
15767122
15212504
15279420
15562064
14431855
18583881
14438744
15542727
15187437
14304265
15174204
15848984
14785480
15257592
14397597
13135674
15283180
14619290
14625326
15005104
14136133
14645367
15630782
14565956
14516707
13777942
16068192
14238421
13898388
14704325
14538938
16308166
20883043
16460209
13988055
14849094
15353068
15644423
14270327
15914996
15576714
13934896
14907371
15649993
14892340
14442746
23429404
13796871
14297545
14659931
14174771
14007663
14697998
15519261
15123879
14338025
13827640
13969870
14355746
14490621
18489550
16278991
14249033
14123459
15246312
13313170
15295652
15083383
15217547
14101343
15779742
14586693
14597268
14541951
15169747
13493345
16459115
15046249
14858346
14384248
15199715
15044736
14515677
14600852
14260180
14144664
13947812
14842954
14637782
14361813
14431819
14721952
13915588
14062316
15005406
14564332
14957524
13665182
14392148
14232569
13383257
14729562
14853523
14898072
15987421
14395376
14205633
14128987
13388588
13839021
13938406
15050364
14359299
13854420
13659248
14707918
14546969
14365591
13822549
14842859
14008989
14277799
14541453
15116289
15321776
14073149
14336084
16566563
13997495
15260861
14744872
14201638
14542927
15048275
14739753
13481357
13934616
14019284
13037593
13415537
16853955
14768558
13937506
14302739
14313587
13954484
14154909
14720788
14909407
14361645
15308971
13713634
15274337
14230625
14628582
14316838
14197071
15779926
14504510
13065605
13670516
14443724
13988518
14337755
14939881
13941398
14941451
14289375
14132371
14652869
14308593
14073342
15636272
14864307
14476126
14009794
14850062
15755242
15729830
14236248
14116307
14073607
14629772
14149918
14796280
13410694
14667884
14223698
13509744
14258103
14010139
15174334
13697821
14542257
16440651
14732364
14574558
14261633
14740820
14029166
14061285
14350186
14747142
14612746
14524629
13621336
14290521
14453017
14738573
14945344
14605450
13988258
16125540
14339135
14190934
14871542
14249962
14542729
14625197
14326662
13898501
15067047
14503709
13777751
15162368
15419052
13474702
15236120
14878813
15018234
14431128
15371554
13299658
14847494
13865497
14607400
14757861
14078517
15272919
14515506
15169526
13956362
14023714
15185113
14912445
15940178
14099038
14066946
13787658
14199383
14924681
15299017
14622829
14860807
14369227
15016540
14241690
13985018
14189745
13456773
15282658
14180805
15071929
14219326
13944710
13952396
13759712
14564448
14926556
14827373
14153600
12401659
13776379
15532687
14254810
14298690
16788525
14155742
14548836
13980660
14442516
14545664
16477837
17770385
15046613
14821620
14345196
14112243
14655127
13634478
15129147
14517154
13589806
14666717
15009608
14967247
14266974
15198358
15539725
14964213
14775183
14737033
13734518
13399484
14316755
14652923
15783606
14526577
14614707
13862418
13697898
14638310
15397927
14094283
14225194
14048268
14476817
13952691
13920333
14988264
14772711
14822180
14278981
14527364
15178153
14717037
14793962
14339188
14575594
15349987
13412281
14103711
15616312
13907528
14614679
14106096
14727839
14165737
14395686
14356438
14218171
13867884
15327547
14404693
14825286
14674457
14139962
14035859
13992122
14979300
15021733
14520709
14192806
14312425
14702476
13908264
13827482
14821837
14473214
13669415
14528281
14136874
16618016
13426458
14882627
13887689
14600940
14171459
14835024
13817805
14860098
14185814
16807921
14446806
14652073
14521898
14685638
14495518
14761619
14476576
14956004
15019045
13732287
14818413
14758028
15330957
15109312
15720689
13926361
14911221
14409213
14556722
13561407
14355729
16296352
14523252
15593385
14758334
14353002
14174007
14953788
14237443
14076389
14130424
15017729
13993132
13905998
15279555
14527664
19168499
14393964
14096319
13450089
14545821
15500414
15073821
14158468
14579755
14174698
14303468
14548401
15190217
14718161
14610377
17997864
13965730
14231874
14298336
14384638
13647621
13844618
14265435
14415440
14133061
14108118
14481025
15528465
14353833
14289995
14788815
14405163
14634378
13676063
20035327
15503209
14723909
15028402
14597696
13962322
14666976
13858394
16609952
14637832
13950460
14712534
14658525
14344219
15293363
13895787
15138061
13939452
14313766
14200719
13862501
14043889
14814565
14499176
14057413
14552476
13806136
14757262
15205860
14171771
14558761
13998332
14613359
14236183
14380910
14224182
14407850
16553139
14467651
14756246
14530052
14013053
14238875
13741395
13791174
16900031
14628976
15697815
14389396
16036095
14642434
14563593
14305294
14557848
14969177
14580560
14162296
14270020
14403301
13764600
15649272
14145703
14596170
15137396
15322421
13604823
14877278
14488682
14264127
13637858
14153744
15634690
14984790
14438843
15935834
13977602
13906150
15142557
13661556
14716018
13702469
13423427
16746780
14296669
13929294
15215948
13970565
13907654
15675942
14194944
14712949
14355542
14068148
14903380
14566118
14218803
16594662
16632970
14344691
13865460
14055543
13564329
15655751
14368698
14372665
14792140
14013512
14917478
14410580
14679553
15846672
13731090
14839107
13613765
15506433
14373226
14397708
14999912
15511588
13499432
15052214
14310882
14139155
14211868
14647833
14423237
13752579
15327607
15630407
14695532
15077475
14352734
14522859
15273930
14218769
14587260
14280854
13539766
16433255
14340044
14362946
14926232
15336045
14494106
14987469
15019282
15447600
14786528
15497982
13838487
14968574
14514499
14575027
15658761
14893402
14880146
14044968
14713791
14186976
14726745
14579148
13845169
15374452
14567279
15368842
15439715
15037797
15718069
15628530
14873402
14498057
14487258
14521268
16133298
18593370
14409407
15210770
15011068
14866669
13653546
15432579
15257938
14743598
15602819
14542830
14690675
14378454
15912334
14522271
13814924
13992301
14662491
15695771
15769205
15559660
14197559
13763329
16487246
14444975
13602482
15548062
14877282
16457666
13647282
14919084
14316244
14779846
14242121
13885218
15654467
15174061
14560785
14333153
14430383
13845399
13907880
15446671
13822202
13564624
15674065
14665500
15161600
15235742
15170250
14954034
13801831
14083758
14595581
15193118
14721591
14502513
14409082
15626637
14007381
14907748
14650572
16847283
17065474
14284081
14159840
14629543
14542562
15350514
15057694
15763168
14942209
15099654
13540879
14470176
15782597
14389147
14003446
15681275
13975395
18426328
14433404
15506599
16160989
13820514
13898178
14941691
14197488
14318805
13883792
14623239
14670071
13853440
14305215
15671143
13825964
16244870
14557894
15052563
15546310
14437749
14206068
15355638
17244540
14611252
15098535
14590469
14462464
14575605
13893339
14044800
15269548
14020507
17138964
13880842
13966067
14286959
14999792
15298515
15262475
17426474
15021198
14422994
14015290
14992640
13840555
15415758
16367289
14218267
14330707
14458179
13857378
14541370
15769415
16379388
14648319
16820973
14196648
14485280
14855532
15331607
14898034
14671747
14646037
15468296
13865927
15791751
15727280
17738440
14400933
14555367
14302582
14423586
14565889
14336986
14515464
14638087
14966292
14304307
14049664
14361182
15118932
14430091
14155220
15538990
14950357
13854193
15122663
15382212
14316025
16197931
22801739
14876096
14421674
13704548
15440014
14678301
14347481
14184953
13774884
13802702
14129250
14970697
14591233
15472866
14315621
15260559
14856137
14538647
14177259
15047627
15477182
16083146
14440276
14223064
14824880
14938988
14320224
14071147
15387535
14436947
13886637
13862378
14483392
13837177
15213720
15286201
14311245
20249491
13853767
14304981
14399742
16675207
14053439
15673075
16247950
14740204
13768747
14730248
16580165
14601208
14039455
14612733
14561690
14067915
14506053
13661209
14261794
13673513
14509695
14127375
13417487
14082697
14975267
15434026
14110413
14561142
14382903
15120670
14476482
16281991
17126667
13726858
14666482
15275886
14261804
16095343
15499469
15252194
14489772
17501344
13921349
13830653
14827145
15960443
14490817
14910470
15420339
15252512
15129526
15353573
15421947
16467598
15287836
15741068
14428293
15444869
15412386
14924806
14625787
19918497
15359487
14680455
14940073
14769530
16094037
15157031
14377700
14648593
15476857
15101632
14574271
14110186
14627443
14335398
15431742
15078034
14153299
13943342
15894617
14162749
13873111
13778442
14625117
16958965
15289565
14421961
14974968
14647874
14311121
14311622
15565486
14618129
14468750
14244389
14276819
14449371
14537603
14564376
14003419
14245670
17004085
15113357
14789896
17292180
14067229
14200703
16215116
15512482
14296751
14407900
14207223
14013330
14293359
14777849
15433543
14463574
14804071
13964709
14940844
14836501
14930642
14767122
15095192
14509926
13702663
16177360
14959580
15135529
13801241
14231367
14045841
14141180
14063999
13936653
14202870
16200916
14480966
14081732
15322699
14332946
14350915
14024693
18760600
14125193
15469962
13646209
14858582
14388019
15109471
14130868
15654680
14026979
14872990
14000596
14008093
15044795
15284250
15959123
14131450
15317253
13898730
15164764
14583777
13927599
15447366
14034885
14439332
15262008
14086384
14789093
15017095
16080049
14102729
14582854
15013886
15960502
15775109
14960332
14356201
14954562
21907854
15075380
14357604
14839199
16703595
16149530
15009310
14626947
13997314
14671170
16703538
15678465
16482396
14402194
15122287
15439819
14861312
15113518
18205073
14883252
14986309
15092011
14577959
15115132
15752411
14368291
16171041
14598072
14460913
14673466
15143746
14336947
13800135
15263662
15977422
14716067
14915988
16005341
15817662
16813726
16830859
14022037
15530334
14653374
15057008
15172715
17472412
16590138
15548333
16398518
15306546
14941183
14697528
15374360
15212175
15746734
14824853
13332173
15047679
14483724
13641691
14579655
14262386
14151239
14620703
14250662
14334384
14765439
14700978
15013611
14013595
14650272
16672703
14108675
15727173
15333372
14968583
14281833
15409799
13886676
14301190
14618460
14497247
13840519
14225642
14503871
14449101
14090646
14453481
16153529
15198050
13844244
14738677
14387894
14156869
14791329
15600649
13886118
13538514
14069166
15761611
15273354
14581507
14701647
15938936
16305565
14049414
14629178
15456396
14515020
14882653
14685697
14362114
16806779
17017358
14623224
15476512
15184977
14371961
15097226
13863895
14628388
15200332
14746274
14504420
17000399
15163102
15291833
14515509
18217090
14832023
15871436
15340165
15182976
14501979
15659508
15010897
15556023
14643281
14548182
14404691
14431938
14091997
14374531
14929503
14784212
14101463
14680877
14424412
15714894
14794193
15125555
15778188
14364896
14474257
14214978
15155951
15342854
14758733
13915112
14024585
14415032
14489556
14149857
14750351
14122193
14625700
13811076
15368960
14743272
14220591
14827728
14050322
16015653
13409192
14334129
14364016
14571723
14506505
14959033
14487120
14899556
19078303
14065794
14322594
14951412
14339421
15477716
14408768
14782364
15429369
14577172
15117430
14659408
15997513
14911562
14781951
14398862
12910556
14124821
14290058
14398318
19823304
13912962
16699941
14027947
14653073
15132064
14413115
14016316
14092284
14227562
14807822
14344250
15049070
15080822
13475342
14835713
14777112
15060707
15134709
15635053
14150099
14037653
15641276
14518731
14083456
13851561
17902413
14650850
14317654
15382457
14346972
15471606
14616486
14174776
13957137
14994390
13802879
14164536
14854135
14818764
14131976
15310531
15555205
15000949
15021416
14842025
15690773
13895565
14537786
15088434
14837810
14860010
15118446
13928281
14058183
12860620
14477071
15376413
14719975
15012797
15231326
14962788
14178797
15838355
18771737
15707239
14245679
14647577
14854263
15386184
14827525
15225087
14798810
15335513
14793570
14147772
15331626
14502663
14630325
14879363
18665473
14221582
14354326
15360482
16501829
15461175
15010547
14805589
13942572
14678612
14422612
14918876
14268561
13808059
14255967
14253761
14117270
14162298
17284381
13800202
16396682
14539106
14945092
14245084
16106996
15740982
14274569
14743078
18873084
15422758
15019358
14020394
15002072
14166907
15072254
15190939
16872999
15019692
16113915
14931931
14979110
15522535
12839449
14385568
15471632
15327972
15887595
14924085
13779347
15493782
15547618
15393522
13293085
15052888
14512667
13958752
14615990
15806684
15521101
13909992
15134340
13866526
14680225
14903398
15053474
16479222
15323673
16423198
18498057
14272085
15714056
14261404
14688722
13998074
14622652
18002817
15043818
15183532
14856414
14816556
14316456
15034641
14472500
15794122
13904434
13835241
14626692
15900252
15121127
16153204
14613134
13355830
15035515
14897960
14953512
15750224
16272433
14510253
14080032
15256561
15197564
13951302
16237966
14422120
14447752
14252725
14789261
14812806
14555768
15011479
15054023
14368226
15107491
14887157
14641034
13832635
15286950
15265787
15518771
14146507
13891589
13972550
14296824
14815971
14699034
14047264
15905620
14932088
16917702
16232313
15798256
14859287
14520235
15071459
14434696
14091321
14044682
14734750
16280576
14408841
15054470
16310602
14144665
14154331
16490867
14526019
16848474
13799162
14915518
14902114
14523523
14376160
14557995
20943070
13195128
14076258
14626879
14171501
15816834
14813840
14372142
13879412
13838625
14421383
14170675
13597176
15385660
14848200
15457434
14692504
15877422
14629612
13766291
15759914
15563929
15104282
13772317
14897327
15895004
16749655
14407624
16087805
14022899
15636209
14907866
15841724
14680332
15464501
16019102
16234532
14733032
13877622
13848797
14508242
14454912
14204064
15564402
14460011
14497744
14639805
15459489
15517489
14609515
15873328
14438772
14515634
14174901
14206897
14520480
14132825
15135221
15901420
15329421
14823692
14685200
14919336
15335223
14109321
15592837
14455405
15568146
14733017
14523627
16587948
14652798
14627169
14488949
14224006
15836303
14896534
16048051
14248242
15288813
16072887
14311455
14406848
17361201
14089645
15156308
14187546
13648790
14551501
15366536
14674435
14965193
13795854
14981767
14329252
14744081
14659633
14206941
15831757
14355636
13395415
14815032
15305150
14289115
15686215
15341228
14598671
15181739
14104206
14559018
13985540
14611013
14671457
14049671
14390533
16623507
15087027
14855708
14051903
15238431
14275145
14251175
14851087
14792921
14046072
14965840
14301751
16543230
15651552
14685419
14335832
14597607
15061814
15445848
14590120
13817883
15143475
14770547
16138421
19496749
15180977
14420285
14697507
14871788
14424831
15260479
14495156
14272369
14294385
14059029
15347492
14979519
13153100
15518473
13102108
15746622
15634094
13972981
14970500
15056839
14255858
15147709
14150717
13410337
13605699
14182564
14120881
15417110
15125792
14015246
14263603
13693972
14884176
13406106
14639420
15580705
14016854
14375294
14897215
14581917
15337546
17038684
15234070
14586192
15140033
14522142
15158072
14541154
14240549
15607804
14950512
14844424
15037348
15110386
14483057
15959237
15001062
14934645
14674778
16748621
14220514
14700825
13840342
16324408
14495282
14515716
14071650
14960463
15689427
14189047
15105457
15313958
12869020
14165316
15319300
14695843
19271347
14789514
18736788
14811313
14292096
14761034
15146598
13840225
14934597
13576721
16449202
14690093
15143752
14540079
15056995
14774415
17959198
13851644
15453725
14154224
14784126
13864896
15609294
14666854
14454678
15089024
15294144
14512809
14080028
15448005
14583231
14485472
14921059
14432741
15450683
16034935
15178794
13671968
14262882
14304897
14775637
14261418
14405767
14942635
15845846
14963934
15488973
15047328
13892478
14432200
16131016
15305625
15287303
14180685
14247802
15525590
15174528
16433599
15214722
13824430
14301156
14537019
14949686
15122835
15429640
17484607
14463256
15442894
14962494
16145769
14689629
15833108
15012554
14942823
14660831
17265782
14893545
15606655
15334436
15253755
16282149
15952669
14533178
15587816
14037316
14764101
14575969
14653400
14136319
14808864
14524848
15784480
16456118
17040395
14596779
14760440
14814587
15405901
15896321
15726473
15901021
17228476
14740521
14785922
13483511
14476092
14320696
15981131
14306609
14777573
13388773
12883653
14850854
14894103
14116952
15286341
14775231
15364296
13795066
19312655
14980161
14440487
14465752
14359068
14546319
13785521
13947949
14758985
16085266
16181883
16001097
15405130
14060302
15422337
15459542
15577366
14062594
16321241
14099781
14062945
14095730
16923916
14098125
16604531
18322092
14092939
14863985
14262369
15417074
14021702
13927988
15320214
14339734
14817258
13772993
15033695
15698823
14688015
13927053
13942048
14720625
14239699
15157190
14200092
14287171
14317574
13728012
14634254
14507122
13934499
18583446
15414695
15136097
14646934
14852394
14852852
14680492
15212700
14293703
14253958
13848369
14385825
13577712
14541227
14504577
17162588
14987859
14750273
13820329
15589766
15000132
15114860
14179025
14574070
14653377
14180764
14150406
22897096
14741517
15182227
15010023
13811405
14351418
15012121
14912370
14463746
14243013
15419759
14204826
15374404
14513212
14526895
16018383
15433023
18029408
15252896
15161983
14960169
14602178
14470277
14676334
14606614
14694270
14562022
14134958
14296296
13704250
14613164
14695155
14331426
14668606
14295680
15420585
16875752
15841331
14239744
14418574
14546375
14707412
15111424
14182745
14260032
14725207
14555553
14076448
14853012
14601004
14085935
14122095
15317705
14176797
14812705
14130060
14603662
14419564
13725422
16332893
14455736
14379894
14469009
14489989
14834314
19751597
14388585
14573992
15335140
14925656
14346939
15058469
14425283
14268978
14287090
14374811
15077656
14214804
15018430
14049058
15904490
15556376
14880774
14203706
15515780
14294466
16707217
15515359
14570460
14683232
14890531
15497394
16234389
15172875
16435543
13869996
14966488
15197876
18369628
14821417
16349905
16481061
15629982
14658282
14687742
14771678
14172106
14642976
14826123
16003492
17304991
14331481
13817966
14824440
17216820
15155350
14021878
13143279
14145073
16452336
14676552
14963360
14684820
15196914
15860964
14939440
15219121
15201363
14755720
16667692
14763823
14884569
13976365
14733927
15940745
14986451
14695427
14950062
14505008
15348753
15562055
14897322
15949463
14214192
16300165
15478744
15574630
15715315
14230780
14792003
15807877
15001884
15903874
14564319
14963753
15017130
14455498
14894991
14942139
15793506
15168542
14533235
15359858
14599347
16241638
15453112
14404204
13162209
18215190
14862560
15363397
14354334
14511845
14694992
15030614
13649986
13794567
14349128
14013956
15743549
17334327
16565101
15073676
15009215
14351691
16731556
18344398
14412700
14194690
14253025
14742195
14054900
14555511
15961373
14259093
15040196
13598807
15535253
13995206
15169273
14428444
14172649
15850648
15225145
15650747
13762309
15184038
14766325
14782143
14380267
15593497
16954997
14292575
14914931
15073467
15261733
15156146
13508995
14930407
15398610
16077178
13698184
14280843
13025147
12953693
14002785
14158523
16308685
15001256
15314114
15634469
13579715
14444612
14449140
14781803
15208298
15397861
13893796
14303105
14748672
13913022
14118718
14667537
15227370
15609051
15427614
12760599
14419784
14564927
16408615
14819103
14647292
14157539
13464289
14379608
15855396
15026094
14604970
14417476
14511209
13877780
14080801
14590971
14226011
16000311
14276156
15046558
15048967
14238036
15009636
14674868
15537209
14988572
13954072
14253530
13932911
14716884
14440856
14674566
15342174
14708706
14268419
13967264
15015019
15258722
17286389
14111348
19499670
14345777
14481123
14024145
14653746
14527133
16345630
14618106
15330261
14679680
14520805
14369539
15810314
14420751
14520628
13872600
14215477
17115091
13991959
14223232
14413230
14115573
14337617
14513516
14561368
14706335
16412622
15217463
13832445
14862188
14088936
14735109
13877940
15559124
14204418
15062380
16883776
14345995
15415696
15430874
14799098
15533074
14956431
14554843
14508189
14813894
15307930
14475060
16607297
14657856
14187142
15048081
13393446
14615731
14842223
14953613
14327813
14007306
17699195
15416881
16009782
15143544
14355538
15771066
13941025
14023950
13454922
13665661
15853465
14041105
14256372
13865959
14774352
15668272
14506466
15803294
14273761
14827202
14023099
13617712
14487183
15420629
14730798
14845692
14532452
14734195
14443890
14870782
14576979
14834239
15696482
13472632
15310897
14680944
15033646
14714766
14601681
16885060
14696802
14714875
13602577
14166788
15400099
14654776
14321772
13554841
14182765
13910910
18158053
14207347
16046753
15749141
15689841
14739963
13358421
14118702
16961267
15138669
14511545
14313410
14759159
15813156
15015020
14248046
14257307
14043862
14114012
15072317
14050490
14727611
14836708
15620611
14416618
15011116
14821317
14318786
14370449
14294332
14798129
14342622
14405604
13738392
13387782
14277044
14254275
15300399
14484210
14848999
14112319
14580993
14573936
14854359
14470793
17308500
14686940
14523447
14244375
16041652
13875166
14700554
15793593
14745529
15951112
13669848
13671182
14357368
14824250
16450796
14709017
14991293
14281754
13943394
14743139
15434984
14665712
15846133
14582791
13836518
15254865
14223032
13667821
13808450
14027493
14355761
14324758
14988687
13918696
14602113
15982110
14262813
14927459
14499652
14397276
14321703
14304429
19891417
14861127
16052354
14305275
16288317
14876739
13784230
14398895
14786835
15152371
14421889
14555038
14266887
15198188
14673235
14432781
14206762
14851940
13944139
16024194
15193844
15058964
17078613
15473539
14838422
14423096
15207800
13784537
14427686
15356413
15204868
14046721
14019142
15244799
14989560
14961769
15234067
14368721
15827581
14571450
14926743
13626705
16718620
14734793
15315065
15017612
14089921
14985893
16461983
14408455
14534475
13797416
15455454
15530704
14896440
13824929
16029881
13849695
14883049
14165261
14812497
14359380
14579325
12872349
15741518
13951012
13881924
14496935
14665120
14298250
14604938
15856285
14097547
14019815
15020098
13734395
13344528
14001734
14474817
14769882
17536614
15725896
15164331
16247978
15187824
15514929
15998037
14690499
13631020
15046732
15179496
14437908
14632112
15148062
14203553
14212161
14671500
15499841
13831091
13946653
14453826
15118318
13907958
14018286
14907251
13867698
14504066
14205292
15177267
14867596
14104093
15465937
14746736
15187016
13746442
15155474
15053651
14518100
14207424
14186505
13660095
14042029
15685723
14483600
15226686
14525329
15152928
14637900
14711294
14159286
17652276
14515164
14701220
17864237
14571426
15118932
14539649
16699308
14135819
13316235
14161706
14562887
15317593
15022187
14032863
14562450
14327814
14684266
14062433
14028807
14061763
14076975
14087058
14298035
13784637
14007937
14941730
15006441
13863038
14861256
13551413
13664684
13973446
14103361
14017452
14396678
18315628
15750318
14228599
19624047
14061275
16749723
14502072
15164382
13499803
13848065
13968479
14705763
14429806
14920209
16415628
14563753
15615652
15285317
14771378
15061581
15968150
14052387
15011494
14494300
15252907
14225846
16152848
13987991
15529217
14425894
14646106
14837075
14593123
14467848
18134840
14108983
15524690
14843704
15599946
13503780
14762535
14209283
15238474
15287516
14353272
15286172
14524280
13460645
14749563
13951859
14649352
14352054
14123056
15691987
15813335
15309427
14693563
14922984
14847444
14529764
15793765
14321649
14592142
14958964
15019563
14698000
15189344
14132457
15364871
16066381
15874983
13945240
14425162
15830368
14402410
15336359
14431303
15875653
14880379
14141531
13729574
15102981
14892044
18020545
16530356
14115213
14095084
14779417
14575817
14739494
15057812
15235669
16371651
13985851
14130269
15181838
14013104
14215685
15065774
14376643
14756995
14573024
14491276
14461148
14731401
15308198
14991531
15608182
14342641
14370192
15077570
14730842
16654195
15529631
13778798
13739921
14161953
15890685
14649791
19219353
14526318
14284630
16431945
14911013
13526413
13698783
14633248
14037515
12812026
14141399
14344667
14852195
14595828
14498255
15730080
15522335
15141571
14622085
14477694
14609247
13683752
14204827
14765566
14938955
14841134
14337707
15730580
14549170
15498683
14195378
15857753
14585346
14564529
15288615
15331829
14530089
16492598
14889713
15089599
17000233
14703380
14364779
14991847
14881129
15788865
15775498
14885771
14272211
14468220
14882150
15253563
17902793
14647118
15937342
15772717
13982357
16170334
16432991
15440152
14996556
14979304
14353798
14235662
14911405
14846151
14275297
15735195
14013877
15435523
13960501
14650094
16618485
15299816
14722808
15026241
13824900
14805518
14769934
14994409
15258486
14351827
14400042
13842388
14900021
14492175
13784501
14499950
14048521
14023322
14403781
14744806
15390540
14726225
12270266
15403857
14888271
14315394
14800018
14515681
14864727
14740238
15783031
15916333
15678713
14502353
14561458
16221581
14423945
15614606
14737790
13928458
14000710
14677497
14801101
17948969
14400437
14415713
14796691
14479384
15485416
14460254
15352860
14948394
14559542
15647861
14544172
14352057
16060196
14650102
18093317
14880731
14813265
13887519
15408484
15041275
15101776
15075951
13929026
14596935
14036367
14644022
14160042
16705348
14347604
14332567
16123051
14551787
14813296
20065835
15606208
13905883
14066986
15391717
13591328
13996815
14292894
14742293
14441549
17151168
14359740
13852003
14740419
15093830
14735322
14225718
15291813
14779594
14491879
13987468
15364828
14641685
14863920
14696136
13761750
14733913
16023794
15345661
15231099
14485071
16989270
15230152
13295144
14371386
16698304
15454367
15357003
14913785
14007761
15323530
14222065
14645425
14509618
15092536
16341097
14586433
14353963
14388735
13984893
17093309
15426665
14161555
13232787
14429776
14276822
14473454
14376147
14373030
14918561
14337929
17305777
13938511
14793340
14499846
14600625
14604712
14821458
14480789
14833876
14888982
16514718
14401043
16105302
14877346
15500090
14925467
15547552
14549638
14496356
14965027
16292604
14479546
14506588
14999939
14886238
14677172
14836828
14113563
14731597
15442546
14575123
20750513
14789991
15939730
14806058
15240672
14681224
17529475
14491592
14494013
15703285
13477359
13908979
15047365
14864447
16271328
14733388
13949374
15097205
14810733
14270717
14787506
15290564
15007509
14493562
14776697
14924853
14510184
15311407
13479701
14319049
14955855
15518372
14379903
15209333
15160254
14990368
15648256
15413919
14912135
14463145
13917295
14846024
14993222
14731665
15116115
13981670
14777116
15133606
14541127
14152202
14233292
14540555
14379109
14066167
13658035
15448325
15760659
16059630
14810105
15314342
14384356
15108050
16002302
15385498
14418636
16182746
14142557
14838248
14365862
15126831
13947913
13666278
13879160
15465206
14052730
13880223
14933703
16910768
14037919
14173883
15507588
14503564
16493526
13911446
14809693
14043613
14116808
14842923
14693115
15141048
14384938
14541858
14164429
15578142
15707338
13928002
14088370
16091458
14932151
15097479
14708373
14103208
14499759
17505096
13992064
15983778
14309564
15224457
14151361
14586769
13617732
14713286
15023002
15149420
15123576
14148595
14388966
14832470
13772458
13640829
14781339
14747081
15014776
14659019
14039896
15234141
14171796
14398480
15204811
14131450
15140679
14002386
15723594
14581459
14561052
14539428
15772965
14312952
14689295
14050169
13802265
14759317
14247702
15633091
14285311
14925020
14717507
14196351
14734656
15026079
14689138
14923176
13899248
14230438
13382741
13817792
16445107
14149527
15737443
14125657
13788230
14392664
14584469
15289769
14231418
14546889
14285741
14405940
14629059
15068698
15519051
13919355
13624973
13956139
14391419
14845514
14295384
13950178
14335081
16548702
16132881
13866543
13856074
14376617
15350755
14466901
14117263
14186549
13942029
14290051
14082090
15089281
14640609
14299173
15061660
14585713
14706518
14305599
14688107
14788367
15800354
13921702
13715973
13946433
14168228
15419299
16051108
14542230
15125497
13926490
13537741
13805551
14040861
14105618
15229294
15823463
14831497
13754916
13988244
17300957
15033794
16070651
14117710
14438217
14131056
14074536
14716024
13860985
13871559
15255810
14341367
16795809
14065173
14011428
14276580
13706145
15159840
14314768
14339317
14752850
13981513
14201185
14143026
15579430
14872200
13739375
13953844
13709911
16003556
14522609
14061555
16025080
14062237
16042506
14703252
14417733
14608742
15623349
15790276
15004634
13868864
14075840
14987874
14752592
14978089
15230440
14048880
15043246
15664691
13746288
13849947
13447576
14431289
14694973
16153721
14211851
14152485
14352069
14735198
17152581
14826725
15962791
14033574
16647334
13858498
15112756
14108212
14995191
14407730
15901671
14223657
13760280
14551220
14477180
16251322
15785797
14272220
13704350
15012722
13703161
15420020
14522078
13660268
15618188
15692017
13990451
15512564
15289072
15705691
14442632
13545170
14211643
14079329
13862460
14806478
15813018
14149835
14505599
13751440
14214285
15040567
15120218
16032268
13843235
14075090
15875117
13881307
14835976
14220516
14863084
14589033
13875071
14558421
14145042
13881715
15229799
15858173
14151031
13836335
13713034
13918820
14845146
13983425
14551647
14958719
16682100
14190017
14562887
14096576
14788722
14041847
14951617
14283359
13621697
15087686
15702318
14433145
14826228
14287862
14518518
16568321
14534042
13813021
14604816
16044282
14846005
14578793
14805750
14352461
14534833
13978556
13963119
15676516
14513510
13920915
13717201
13869436
14721269
15501367
13929319
17276082
13789441
14417839
15182375
13563491
15105450
15485109
14079650
16598175
21572104
13688943
13996250
14691529
13851689
17710139
13970190
13372661
15326106
14348829
14105635
14388363
14135195
16275030
14165740
15472459
14416560
15121821
15315840
16834252
14659908
15469104
14394516
14500579
14015480
16910107
14680012
15944692
14707672
14789608
14931431
13639306
14089871
14891855
15028624
16046574
15689411
16013309
18851970
16367253
14256544
13610145
14356436
13901264
15305570
14040163
17711852
14365361
16222313
14592972
15520993
15266308
15617161
15081399
15090193
15066118
14605114
13599299
14597808
14589549
14825396
15068421
14321446
15494214
14655524
15146929
14613433
15597179
14630563
16711734
14603530
14909884
14037561
14610432
15084547
14415397
14881592
14901820
14438539
14418193
14070431
13799006
14773260
15832051
14977099
19606652
14937439
14593054
14160311
14496934
13955572
16039089
14057942
15996239
14075229
14812467
14180532
15682254
13647381
16380571
14985725
15374925
16643974
20376288
15812359
14153827
15428445
15388231
14085186
13576673
13899676
15854771
14655679
15027161
14500194
13904719
14285479
14782293
15182220
14141955
15193013
14326766
14606927
13851119
14573176
14496517
16035574
14715479
14749724
14247118
14351785
14285439
15452458
14760833
14436272
14500549
14111204
15404156
15389322
14566288
14467586
13907892
15522418
14593331
15548266
19640369
14612599
15161480
14527248
14324891
14715353
14765783
15234567
13759807
15082189
14253966
14169861
13548647
14751795
14434475
15336562
14949590
13850383
14107346
13853453
15388296
14912997
14946144
15538366
14242310
14303657
14884493
14645589
14586181
14537800
15533482
14878966
14566266
14060046
14249991
15308829
14432608
14860602
14457873
13951026
13874741
15057648
14570094
15528235
16947919
14636695
15315709
17505050
14155943
13093129
14556071
14048594
14590271
14428583
13979251
15356785
16021012
14769842
16709190
15735130
14789625
13565940
14697048
15736874
13552423
13485736
15228468
15232165
15858309
15007515
14093347
14034207
14404079
14450034
14043850
14640600
14012962
14334111
13998820
15190324
14674930
13157433
14012850
14360062
14570283
13412766
15411445
13691763
14652963
14387198
14668626
14137337
14430338
13882137
17385742
14188645
15055909
13786449
14781803
14928633
16260078
14691655
17996400
14345096
15808854
15024757
13920096
14245122
15126407
17549577
15228581
13726722
14322871
14655218
15695693
16367136
14361761
15397470
14333403
14125687
14668305
14793533
14329418
19585780
15186014
15064753
14802500
14869444
13616159
14813300
16553354
14158215
14693226
14533174
14160216
13945425
15425375
13971305
14973931
14143187
15103620
15029366
14882915
14695494
19099978
14710792
14646238
14516243
15002378
14019131
15310767
14066740
14639326
16679241
13958594
14554679
17077472
13959283
13611847
14081487
13503281
14916857
14091324
15733621
14529664
15088073
14191703
14756264
14076844
14051723
14268336
14875441
21334332
15200270
14101679
15029053
12715948
14305686
15101571
15531370
15683468
15780276
14060396
15953055
15899585
15025990
18339325
15453800
14694277
15468374
14959078
15130991
14299959
18053963
17373299
15161352
15001895
15518553
14764753
16418669
16553737
15178898
15289722
14753922
16180404
14885661
15523781
13948731
16691876
14637534
15853462
15718058
14996666
14691891
15011518
15013831
16461209
14564191
16264674
15429662
15192382
17061586
15979534
14868255
14669434
15952678
15809856
14729992
15799854
17819933
14598046
15148482
14684689
14558654
14078654
14172010
15714536
16405187
14112185
14337412
14600700
18967568
15879775
15515138
15516666
15639388
17142434
15307694
14127054
15875439
14406478
16726406
14651554
17086688
14489088
14546125
16022443
15484675
15468874
15644719
14183278
14845199
15033397
16888896
14421532
14936242
16357481
15817754
14873246
14934730
14340067
16310692
14961640
14538718
14637529
15048930
14808248
15027471
15127034
14441853
14241111
14272374
13835616
15477811
14405068
17232243
14450733
14847681
14737977
15024056
17191521
15566255
14838190
15014133
14449028
14771584
14592942
13954318
15632528
17014115
15239147
14120584
15130487
14142111
13370669
16242998
13446510
13954137
14744169
15616248
14351774
13727849
13774479
15170450
14266175
15106794
14627556
14132587
14681514
14176708
17733894
15595449
14561161
19216485
13982450
14904837
14082595
14917711
14451137
14806788
14855220
14206769
14843080
14815896
16280076
17982942
14150570
14977223
14643955
17125348
15269724
15634416
14794143
15610156
16571641
14417654
14215165
14321820
14538493
14145103
16900829
14026396
14978604
15337766
15958251
14309178
18546527
15063631
14636996
15005981
15140044
15001349
14941242
14228373
15811278
14775804
15273276
14880178
17065576
14465894
15579321
15192804
15847960
15311459
14001095
14645583
15041783
15167278
14045821
15023933
13809828
14676641
14127977
14640887
14470500
14490738
13396332
13818073
14044139
15514014
14495506
17908769
14630026
15194587
15901955
13668908
14111487
14331900
16809130
15712814
14010401
14311555
14634133
14452660
14462401
15007924
17677301
15172168
15101617
14682125
14906092
15475275
16024712
14633262
15522238
15496884
15115638
13645725
14933576
15342452
14452618
14793267
14094497
15426967
13640996
14251297
14687140
18398567
14564290
13732398
14086620
16077311
14009533
16504584
16467102
16899533
15405587
13874482
14889679
15158061
15325658
15628277
14624870
14847753
15235429
16090537
17656839
16075353
15355546
15521304
17993092
16110884
15762337
15125512
16107888
15572395
15295149
14807563
16157104
16584669
15623026
15551467
15472069
15766554
15193438
14505468
15994087
14741173
15110933
15301920
14462958
15122440
13776022
16001505
14714833
15507807
14179664
14685211
14907464
14387668
15776733
15029174
14601720
17215630
14717471
14504778
16039212
15393065
14335104
15405167
17402753
15606106
14396223
16068163
15484329
14051293
15175860
15410026
14998285
14609064
14110260
14176560
14650724
15854310
14043105
15746752
14318229
15380108
15525603
14594931
14886380
15331631
14309898
15818727
13972281
15435429
15452776
14916408
14644932
14731410
14570589
14730089
14478650
14988616
14058709
14960079
14715691
13871029
15092042
14333736
15382800
15875400
15815559
13956798
14464574
17721389
14296414
16493092
15270215
14635462
16200395
15131984
14451477
15627468
14678425
16216942
14988146
13961971
14702873
14072530
14512135
14191985
14487814
14604805
14460322
14789499
15501684
14958336
14845564
18019222
14706362
14354117
15658376
15112242
14548609
14590674
15871256
16127120
14624941
14955400
14226673
14327904
14844464
14341335
15817280
15293562
14186868
14263475
14833365
14401954
15647183
14490236
15795274
14527059
14204042
14972018
16329679
14988910
14077446
16314041
15153143
16366935
13832890
15838592
15029326
13801359
16563516
15298493
15464849
15502041
15456548
16340276
13805527
14244257
14523375
14438147
15260200
14069659
15713502
16966606
14604374
14379037
15121509
14611244
14789413
15067664
14710749
13960652
15859520
14398119
17825441
14749625
15827144
16037559
15923335
14425497
17253332
15211604
15073849
15594909
16000521
14870582
14492783
15508926
16607629
15471506
15233194
14308486
16069089
14739345
13898146
15679291
14087896
15299955
15008665
15494845
13782744
16110868
13966730
14722426
14483252
15553925
14310918
18227925
14120642
15588778
14995955
13795578
15004901
13728251
14851458
14663634
13908003
14280364
15893452
14834404
14308809
15149055
16165218
14555031
14071544
17601063
14088955
14880578
13747489
14586391
13554759
15154661
14702763
14362503
14753265
14923674
14360382
15113652
15065096
15219672
14639720
14729772
15496436
14321381
14216993
14524903
15199046
14051917
14916020
15044696
13992865
14274948
14210462
14558712
13952259
15549751
13685320
14914344
14467486
14866067
13778994
15941631
14627788
14322034
13668061
15945235
14216775
14311724
14386645
14166670
14177167
14079762
13292457
14246427
13627259
14133783
14015733
15222334
14754362
14624247
14555615
17270983
18213147
15270742
15146161
14527075
13489205
14359208
15443990
14272131
14512664
18493561
13753701
13909841
14126767
13964708
14889649
14778765
16045214
15401480
14337080
14361760
14505395
14221676
13965789
14151906
13237281
16430115
13976707
14590090
14089905
13948970
16183921
14738439
14638712
13776054
14576751
14966290
14806601
15261800
13771310
13779989
14697578
16078260
14647933
14088080
16644726
14341012
13201611
14655402
14245532
15758148
14267513
15498865
14180866
13665243
14512446
14277158
14626782
13979614
21385202
15160877
15647477
15406878
14670629
14780849
14033925
14067117
17321943
13893904
14028236
14493019
14090520
13794341
15363774
14362285
15464379
15026175
14709166
14125891
13567178
15486644
15803349
16466434
14060971
16233616
14211518
15753482
14854681
14603831
14474202
13718562
12965641
14012403
14662979
14288389
14616206
13678372
15089007
14278718
15191634
14477691
13912700
14899939
14323718
15214197
14002728
14550615
14902249
13683485
15014342
15290740
15266028
13466608
14870508
14133126
14798120
14840717
16478686
14305149
14976675
13767094
14324385
15001096
14085275
14014021
14913213
14047555
13856206
13817957
13597836
16188413
14316444
13652268
14398959
14028750
14361600
14326186
13061914
14080666
15190271
14709795
14283644
14220938
14624839
14400804
13512403
14144978
15350394
14090586
14168339
15501452
15042869
13655469
14697653
15455345
14902907
15295860
14064038
13824516
13578290
14187563
15002547
14411653
13646056
14426640
15243090
15627836
14001150
14506819
14508328
14475500
14152029
15485790
13970557
14707777
14247534
15640960
14207995
15548555
14225798
13780999
14095271
13484457
15741516
14864839
14409780
15016186
15253944
14325711
15133699
14644625
16986661
14118487
14451518
16072318
13350876
14401306
14189543
18502270
14350906
14014953
13625789
16054967
14311733
14175832
15861768
13975136
13785929
14609458
14580440
13575632
14234502
15426732
14890414
14212744
15073598
13830298
14439271
14545217
14328267
17734717
13538405
15049751
14429791
15487499
15126748
14733129
14545669
14614419
14267811
14203335
14098449
15019595
14134042
14024420
13782918
16059211
14013770
14871693
14784680
15645412
13958304
14148460
13796321
14919781
14296694
14022288
15473596
14802851
14604508
14155475
16500010
14036672
16689569
14570390
14150812
13900654
15044999
14338054
15237445
14363634
14851581
18388691
13590683
14347935
14402210
14308352
14051103
13953035
14762789
14220835
14388040
14307827
14242217
14846731
15062550
14617595
18625371
13800718
14181614
14392047
12836685
14561352
16585012
15267909
14661563
14834620
14669241
13950480
14331387
14284857
14541630
17135145
15327618
15526993
14248925
17648827
14989587
13841260
15026685
15165202
13941424
13864179
14733897
14576542
14405375
14399939
14843987
13490482
14509026
14246227
14144935
13927810
15147752
13898920
13854924
15931845
13984305
13963668
14280676
15314026
15028070
14495369
14607061
16206636
14526585
15181934
13798318
14536805
15177108
14229379
14068727
13476636
14599192
14056915
14712448
14323323
14572962
14565217
13686907
16439066
14658100
14492503
14645900
13496226
14201523
15247107
14337133
15334473
14537241
14384188
14457016
14851348
14113859
14372114
15331813
14968040
13960357
14856996
13786077
14494489
13966011
16968933
14343595
14214568
14168102
14528348
15036130
14297237
13759513
15399282
14139681
14169454
15088765
14427248
14230652
14075981
18272119
14445264
14133721
13904186
13821386
14555572
13584854
14699604
15382420
14920431
14072620
16002801
14144415
15278831
18607459
14425232
13609528
14667479
13998467
13808902
14401264
14166904
14355149
15298891
15023047
14901592
14377747
14816902
14948471
14678305
15385043
13936754
15289918
14176341
14751044
14850912
14029439
14945445
14181166
13682858
13915983
14905266
14245270
13492392
13504033
16666223
13686761
14814296
15169732
14405230
14356054
13695125
15794060
16139410
15776439
14374069
14115091
15801407
13769933
15610431
15648766
14472515
13834485
13862127
13946401
15169853
14252520
14576574
15063498
14557224
14719500
14607421
14775823
13887240
15242625
14353745
14935607
14453236
14063369
15335207
14828702
14870201
15458242
14078334
14698767
14765304
14093631
14732060
15839620
15350382
16224925
15185662
14214052
14369507
14650156
14543718
13976881
14182579
14406568
15495126
17806867
15694773
14061137
14837992
13923774
14134041
13852803
13908643
14729509
14334977
14170013
14581089
15020807
14923903
14973193
13071359
13997728
16270853
15908992
13845182
13706824
14936805
14165550
13663994
17183491
14071708
13958836
14093470
15859801
14636874
14717487
15374373
14811982
15304042
13759204
14618517
14014753
15370370
18941719
14471929
13963582
15392414
14130865
17683556
15284723
14042314
14193269
14637847
15109472
15737728
13955411
14445111
14404667
14887618
14390676
13800348
15234809
14159158
14335654
15366913
14858266
14855673
14405518
13713328
14158430
13888594
14615679
13800059
13688226
15141143
14385085
15385420
14223683
15452302
14406213
13778356
14458908
13891937
14546452
13779305
14392027
14441599
14824299
14730181
13876654
14832981
14768929
14253656
14195250
16791633
13856447
14140772
14002285
14864010
14119238
15390727
14369791
15131018
14264611
14010756
14939140
13783577
14042313
13329896
13969914
14479308
14510036
14375219
13438807
14642440
14071604
15758839
13805726
15242916
14607854
16174162
14499937
14378216
14823192
16331449
14498571
13925164
13611910
13703117
13876399
14116294
14409563
14536292
14430960
13953888
15607801
14072902
15154070
14039101
14394048
13817009
14180599
14501102
13793400
13561902
15185976
14603881
15010534
13964241
15048335
15084569
14377127
15027478
15605162
13650041
14816416
15427743
14474859
16003810
16692195
15247774
14176751
16010602
13734809
14063439
14421094
14168993
14951451
15065292
14790048
14070582
14969671
14648950
13894342
13750210
15374334
14884919
13839807
14292646
14095267
14632452
14387139
14646575
13817874
15398804
14339241
14620430
13981633
13926969
14667942
15224726
15247227
15267677
14584288
14145874
14271115
13828133
16752075
17382467
15104738
15289961
14617410
14923797
14668924
15606840
15171610
14906781
14154533
14488876
14354482
14468492
17781687
14852695
14159649
14463904
13792038
13942217
14779739
14578420
14099531
14769247
14093957
15191035
14950604
14847731
15398728
14523109
14629837
14899837
12981222
13881626
14850928
15305294
18424081
14136029
14994317
14249864
13927433
14054129
14912423
14148682
15221574
14593641
14573075
13641248
15082564
14355529
14238611
15130815
14890904
13581874
13566855
14160512
17767158
15795413
14751913
14140405
14639000
14033142
14055915
14263520
14040389
15297760
14552378
15369161
14219182
13936843
14872519
15659651
14028051
18649893
14518106
15522409
14359871
15025987
14869444
14923169
14542580
16004452
14749238
14422913
14891858
14677492
14171445
14385864
13678091
13509839
14600065
14597352
16880480
15114821
15096014
14136132
14024998
14633463
14221695
14702923
13907191
14067546
13926643
14423283
13900802
13733277
14113525
15568228
14090225
15813303
14980102
14197796
14561216
14248462
14108424
14841432
14548916
13774181
13970136
15330490
13816471
14905310
14555493
14838183
14280254
13419782
14121823
15327235
14995823
15847093
15005457
13554474
14848557
13583337
15337906
14254686
14417315
14784338
14051302
14204118
14496818
14951764
14682697
13832317
14435980
15218636
15001640
13980786
14017553
13637967
13615189
14377532
18223886
13999922
14810133
13712459
14649425
13974877
15390734
14841397
14438584
13421472
14337497
14139466
14339138
13907604
14780293
13846854
14507650
13654537
15412055
13350274
13631470
13591711
14257563
14942112
14238845
14762850
15431719
15641070
14589846
13724274
15187453
13951207
14628975
14702090
13926533
15481875
14228274
14355330
15943982
13947181
15050278
14148971
13448693
14079702
15402733
13480107
15089082
14028811
15678747
14962720
15724847
14452199
14668417
14036093
14575380
14291483
13938465
14352056
14645313
16168171
14997563
14227066
15138547
14582608
15273706
14240754
14527644
14226398
14447215
14187518
16199849
15313917
14388851
14539039
15854340
14163316
14556491
13894405
14861346
14702508
18635929
15850236
14034991
14716983
14200432
15161121
13958463
15148606
15132165
14190909
14176888
13885036
15588790
14055963
14483552
14268269
16606998
13634804
15124100
13934705
13760611
14075210
16315364
14498960
14392355
21230892
14917659
14067113
15340587
14726495
13735409
15069920
14560826
14830391
15138031
13980587
14494919
15888999
13726740
15237470
14559139
13814304
14386410
14655706
13732271
13887659
14955541
14480550
14072802
14678219
16263677
13953767
14405887
14205830
13952044
15186726
14135251
13867912
15030010
15639798
14382984
14219391
13942096
14152014
16061600
14721520
14198020
14700659
14930868
14499595
14028068
14620320
14860013
14251949
14683831
14684766
13947105
14119895
13997259
14088917
17292099
14562388
14326978
14888711
14281102
14302971
14014237
13747886
15822699
13640088
15530240
14883740
15009421
14088508
15036136
13829555
15692089
14554755
14563942
14446479
14049164
15745725
14498965
13570659
13981736
15392412
14456226
14833493
15227799
15771746
14467999
15557723
14480365
14647528
14980256
14194015
15073612
14555779
13876465
14469410
14148687
14562981
13603994
19543481
14183169
15960770
13982134
13989452
13581875
15324043
14885935
14149707
14085077
14610859
14708855
14307468
14736633
14854214
15043443
14491775
14691196
14003420
14658517
14103446
14259028
14258592
14110859
14348426
14895498
14350663
14122665
22954615
14108034
15456488
14354997
14731191
13678633
14505372
15049447
14616459
15094137
15140934
14796437
13494365
14440220
14811517
14486452
13958403
15367685
15293214
15105779
15450641
14521964
14797348
15005163
14141564
14093916
14068780
14151657
14066961
14769244
14827743
15804444
14621586
14175619
13773848
14382954
14973224
16650898
14169472
13776143
14859286
14209665
13634550
14513618
14139027
14890097
14583125
14580720
14236149
14304088
15688042
13727523
14120649
14552638
13891890
14258306
14164880
14865425
15409197
13915034
14441896
14219893
14179105
15389572
14057026
15265073
14652808
14148431
14355317
14595326
14284025
14360065
22088413
16158508
14636965
13811786
15633621
13763005
14892327
14933298
13808057
14901466
14189496
14477497
15181681
14212136
15737536
13714747
14637770
14572358
13954442
14883730
14142195
15091987
14423510
14815551
14823502
14428282
14243581
14537655
15508833
16212639
14774950
14868048
14787702
14543353
15553241
16844838
16444245
13824914
14814784
15256392
15431118
14601842
14162492
14834649
14173184
14762562
14363644
14665893
14928823
14564126
15878180
14359749
13824965
15042472
15867993
14054538
14757561
14417116
14349818
14130885
14137606
15027508
13594866
13424341
15809415
13753473
14377122
15128956
15133033
14508996
13836953
14057919
15983051
14098534
14207390
14691860
13936950
14464095
14052725
16005328
15070219
14194911
15679799
14929585
14728777
14251564
15491548
14724164
15079810
14522936
14745956
14427092
14565964
14407890
15496095
14435194
14032880
13912482
14926662
18542059
14953979
14960943
14067056
13555833
14422219
14911010
13825414
16396020
15107434
14081004
15094188
13765087
14643127
13909009
13894857
14204453
14236268
15943605
14541823
14407797
15521293
14726051
14523347
15718040
14116153
14775273
14405839
13809136
14427516
16116532
14896640
14275464
14470874
14075678
15393925
15812859
14715799
14164294
13827871
13629886
14816992
13941552
15843129
14840230
14883213
14459390
13894655
15016203
13562975
15291601
14478050
14976296
14876442
15555790
15435684
13961793
14599015
15810533
13868843
13952990
13835236
14518880
14153090
13930492
14535417
14084051
14050827
14276080
13929087
14697671
13741526
15113227
15308165
14113671
15112668
15352206
14225500
13967362
14868888
15815506
15031694
14080265
15798578
14527098
15707455
14406104
14568628
14608846
15180422
14243600
14554552
15215263
14174696
15579255
13871135
16461264
14233661
14188466
13874670
15133425
15040102
14511846
14323574
15972406
14651369
13889647
14849740
15674298
15591398
14216586
14276340
13895667
14278565
14558476
14324774
14362991
14862394
14324520
14920988
13996964
14597642
15342110
15164044
14291739
15257809
15009741
14189463
15502472
14553970
16529900
15035161
14158719
14714588
14207092
13978960
14590663
15031708
14025138
14997670
13895160
14942722
14324299
13906965
15696075
15714259
14074557
14084906
13658934
14646370
14796949
14450524
14742674
14843828
14300083
14737212
14265467
14699567
14579085
14615172
13915928
14883639
14018719
15228848
15311904
15783420
14689526
13695673
14801040
14071857
14489549
14469910
14938388
14736951
14718304
13599367
14350062
14244623
14195855
15086904
14919769
14980134
13984352
13846004
14012643
14473639
14147206
13475701
13916665
14712427
14607580
14522358
14267095
14861260
14783831
14922844
14314961
14813497
14450460
14482454
15957730
15420612
14485254
15181064
13921102
13593620
14095000
14984080
13904097
15038801
14053503
14299228
14631075
13799714
14976008
13785843
15371121
14321707
13901285
14267897
14377502
14071072
14415084
14294330
15714165
14098271
14223010
14404567
13748554
15930352
14365645
15912782
15474033
14496148
15942426
15004980
14085090
14684877
14237525
17016258
13811522
14602521
13971040
13850798
13715649
14308656
14525187
14049683
15212456
15364341
15486406
14534628
14354682
16755968
14325294
14429557
13977316
14859670
13801612
14413675
14193325
14846615
15158946
13522181
14249718
14490759
14580818
17888386
15387891
14419723
14187746
13984048
14527158
13918775
13957791
14391014
13860234
14491148
14274101
14748969
14060006
16731299
13744266
15186087
14261350
14826574
14894762
14934544
15461346
20695093
15127879
14842710
14999610
14654110
15058684
14726913
13922335
14118802
14287638
13935979
13353414
14194628
15380085
17557215
14870196
15063971
14625440
14222339
14134350
14038472
13996111
15493417
14416484
14006497
14461937
13981165
14925102
14808332
17640865
14312865
13729213
13916714
14148025
14399059
14149600
15323941
14502815
13843988
14834178
14252620
14008224
14917937
15563018
15709682
14035275
15792827
16536449
14221009
15559724
15522191
15298230
14138208
14903853
14414726
15348273
13825898
17079983
14740469
14120046
14138737
15576525
14420847
13664382
14636120
15648905
15033086
15399452
14394068
15362895
14443700
14834524
13875225
15038349
18409819
14217087
14969470
14179686
14407042
14534801
15484856
14041845
14822479
14815369
13838156
15130568
15731255
13154908
14131683
14353311
14550786
14048718
15530803
14154431
13571964
14851953
14109864
14721976
14338240
13888937
14549569
14208062
14911878
14809909
13998538
14235078
16007582
13927600
16504915
14079721
15516432
16350448
13639517
13148193
14260150
15425177
14374817
16052953
14630804
14946589
14020567
14469618
15093734
15047075
14132284
14405264
14351140
13860705
14725515
14860040
14176358
13982383
13509507
14435706
14669139
14274314
15341441
14842296
14798281
14055235
14459103
14157780
14681406
14469877
17229347
14378758
14716307
14875825
13882803
14698273
14691192
15123469
15214598
14765917
13868624
15517827
13954194
16000293
14655912
14361730
15145427
13937279
15146071
14545146
15514837
14555330
14041611
13708670
14138536
14254976
15641524
14232661
16576711
15159645
14491006
14387883
14038102
14468955
14513823
14496306
14366678
15015807
14770371
15327906
14049878
14474120
15965556
14812511
14999916
13995752
14966916
14279011
15219068
14821333
19948302
13421549
13955109
13778044
13732115
15650399
15359730
14589118
15049662
14524909
14345933
14259130
14445871
14929387
14238215
15838841
13951339
15024794
14251282
14179469
18226823
14577733
13908644
14740936
14231691
13945033
15332446
14894039
14150577
14194544
14028401
13863755
14210995
14338675
14801671
14217507
14520264
14168634
14164901
14824304
14308227
13866850
15863069
14206877
14786230
14560515
14971027
14565746
14298694
14133966
17556342
14215148
16172047
14142869
15408869
14747694
15592613
13948257
14388862
13867690
16763387
13790700
16204741
14299564
13823102
13898639
13796505
15007486
14635190
14127341
14618128
15274928
15079849
14357565
14120371
13629290
14454563
14230949
14873761
14245906
14749222
14033252
16937913
14310043
14588098
15454136
14790020
14192227
13975372
14184575
15042777
15306119
15997069
15862345
13705206
14524199
14051914
13999321
14479656
14995840
14617775
19369348
13624564
13588424
15108366
14797024
14299190
14996662
17627545
13776425
15539005
13875639
16015236
13946665
15773912
14732684
14528680
14861448
14282075
15085750
14178443
16069986
14095844
14367760
14777211
13489882
14841154
14638168
17225982
15449217
14145561
15232608
13832746
15841884
14056713
14812120
14255608
14137824
14354738
13526647
14522010
14618438
15025915
14937399
15333221
14550084
14750852
14746234
13993885
15491614
13782003
15124633
14534530
14968372
13557924
14596580
14553502
14833892
14971654
14256227
14218603
14120788
15977813
14896763
14717394
14304878
14214895
14122072
14064933
13726209
14882660
15361207
14152770
14320500
14734210
13940061
14330514
13995493
18159955
14287924
15105523
15666764
14252091
14151272
14848403
13645440
14123607
15007150
14370864
14610753
14071034
14208350
14580998
15742369
18259064
14980984
13673344
13966740
14391422
14657953
14302333
13771308
13985264
14051010
14706264
14003747
15022130
15632243
17713162
15912640
14496765
13996884
16379263
15205068
16497539
13556449
14940114
14452633
14887968
15068089
16931026
15266189
14567510
14506618
14002216
14052848
13947869
14278170
16194553
14378483
14685695
14460157
13988900
14271699
14232884
14156462
14271185
13661936
15115764
13854790
17186507
14404499
15373281
13775874
14053530
14436055
14412275
14381051
14306065
14279752
15739931
13910564
15382502
14515313
14373409
13875900
14923420
14023009
19484465
14236844
14643786
15319647
14271062
13924074
14974425
14934826
14930864
13989378
18821572
15394100
15302596
15499162
14122998
14078887
14764803
14169293
15187423
14815002
14797255
15798995
14962044
15017515
14677789
14985600
13834589
14854771
14721495
14713919
14034236
14821110
14547866
14393261
14156363
14470327
15040094
14202745
14838099
13903236
14719931
13727855
15412827
13643411
13769714
14793639
13938225
14532293
16131439
14113303
14463000
15114132
13947401
14109331
14349895
13713637
14184519
14808970
14993752
13910123
14496683
13689131
15844739
14287319
14806417
14678505
14181877
15422569
14940054
14377677
14278678
13395455
15383227
14148328
13402473
14151304
15607537
13893007
14331247
15253367
14188623
15574123
14493908
14385753
14832122
15576791
14553970
15796163
15270420
13660962
13753128
14469137
14366698
15364007
14296517
14507770
14528956
14697045
14098499
14401415
13749813
15595269
14302071
14216161
15277434
14462277
14789365
14084010
15291576
18499629
14325316
13800821
15603803
14429363
16658101
14619889
14668864
13763209
14626131
14044555
14787563
15084320
18284304
14088456
13938227
15866413
14432867
14330623
14553977
15679026
14645593
16065217
15301944
15310939
13704685
15848841
13971092
15719267
14443434
14017150
14578898
13497262
13577981
15625527
15107152
15208592
14250992
14448493
15685480
14181041
14455016
14986256
14538619
14414396
13457501
15734872
14817824
15552427
15477437
14990175
14145744
14917136
14539933
14329241
15895609
16899968
13731987
15286219
13541164
14309661
14361923
14256937
15809563
14714442
13375406
13211437
14110549
14886161
14387910
13528127
14041618
14896442
14593180
14701009
16217571
14113101
15553048
14598227
14199508
14182343
14257442
14008612
14229231
20116747
14911308
15316957
14457148
14976513
14434207
16807284
19251450
14357111
14308576
14459262
13981527
14623222
14220127
15853716
15758976
14442418
14076094
14280950
14055110
13378338
13975339
20096964
14220433
14521244
18857248
14070212
14336134
15147683
14031355
14057419
13929912
13717398
16212567
14412406
14117758
14519755
14322613
14683298
15660956
14648376
13863335
14673979
13756404
14899545
14534367
14034169
13912436
13901232
14475788
13964898
13893534
13865415
13811081
15211900
14719104
13573382
14375880
14824004
14418097
14345041
13867849
15507125
14881415
15041260
15071432
16299272
13830213
14287726
13808154
15085386
14975378
14007841
15046754
14189137
14662722
14421522
14285531
14451539
14015439
14702611
13329499
13843779
14129846
13983104
14525872
14039810
14467656
14373006
13519595
14435166
15117834
14436954
15298217
15305889
14772842
14566072
14977181
14341525
13951863
14470460
14510998
14110892
14720930
14708428
13872557
14657366
13940870
13684078
14239385
15037052
13871351
13875035
14529929
14417246
14903666
14343058
15111257
14625497
15215232
14623787
14511923
14237884
14573465
14466337
17113582
14796165
14499465
14028357
14587259
13760838
14421698
15899723
14396092
15326035
15026167
15715448
14172807
15554092
15143245
15873921
18688069
15088845
14451198
14807020
14912705
13926122
14815892
15837579
15141102
14153803
13904210
13830185
14853611
14186423
15299156
14270728
15365717
14695510
14320825
14766894
15113506
14641366
14430172
15169901
15370187
15626313
16088691
15178148
14675749
14187756
13838764
14201857
15253958
15053461
15858491
15550099
13918372
13545971
15037577
14437019
15868845
14525562
15093058
16029319
13649336
14229435
14894854
16291953
13850596
14713312
13662027
14093112
14205440
14843077
14765581
14856540
14280599
15279413
14120817
14601400
16126925
15471367
15094254
15535478
15576932
14635237
14190823
14994680
14339189
14450397
14249529
14529165
14277461
14452474
15092512
15885060
14257721
16071246
14224716
14799574
14955273
14745952
17056519
14538956
14675686
14191737
14847946
13849124
14389999
13603220
14843535
14005731
14780893
15325836
14499863
14904586
15644660
14890141
13438911
13931801
14198889
14813138
13999949
15247791
14332885
15281832
14702749
14840153
14110400
16330837
14262407
14133985
15126316
14167592
15735719
14411101
13961618
15985781
14515043
15321082
14085144
14782096
15184691
14020336
14224920
13533344
15585548
15763116
14681907
15331931
15485760
15468234
14348363
14476084
14704248
14527667
14505408
14359357
16647618
15099250
14742674
14764708
14373896
14064266
14925918
15095487
13771024
14024540
14602307
13786485
14027483
14964886
16773318
14741596
18496784
14894196
15236898
14101030
14655932
17375211
14040525
14324171
14383052
14181565
14507939
15881479
15530745
14437364
15117430
14389000
14346372
14413280
16783777
15264115
14187595
15095984
14292209
15097742
14369872
15843845
14426800
14065946
14114741
14102527
13818162
14492733
14149852
15127209
16109536
15306307
14900083
14260672
15420345
14267401
15059033
14556076
16055017
14969670
16303489
14152404
15026659
14430560
15145723
14255596
14269504
14512568
13983267
13848195
14740410
15363785
16312020
14565484
13712068
14687355
13891693
18244323
14390762
14589213
14350124
13888309
14497295
14201253
14511560
14202199
14152021
13740117
14278989
14304223
14151435
14041699
14513998
14935333
15665775
15256781
13593189
14849733
14756048
14633517
14120138
14049832
14323512
14258899
15269295
14692842
14220520
15620685
15348635
14461531
14807099
14221491
14051694
14383432
14349586
14429678
14570722
14821574
13819948
14589642
14597814
15575396
15620292
14493127
14208036
14610999
14707496
13969267
15644331
15211635
13696042
13581304
15303869
13781560
14649202
14921612
16701480
14374451
14505804
14716030
13950794
14302418
14176468
15343424
14016814
15737577
13864493
14683565
14573374
14048322
15144660
14583705
13852294
13981182
15976300
13594450
15457903
14200106
13989712
14664061
14460726
13951789
14692542
14609837
16068246
14449533
15199743
14919602
13890897
15249009
15463154
14057881
14537944
15145211
14143480
14460853
14194632
13322129
16326133
14007516
15039462
14564028
13969874
14584737
14201283
14600326
14294441
14133165
13393186
14807708
14286612
14164657
14455924
15475350
13857681
14356545
14341903
15693732
14731471
15249261
15382231
14963911
13781353
14439700
14927198
14793410
16666813
14530567
17600585
14345811
15759312
14122416
14778705
13930361
15351349
14711963
14992372
14610378
14045074
14458598
13648304
14733818
14282303
15546979
13713924
14281514
14518579
13718043
14015577
15243427
14775852
14442895
14029169
14415582
13621861
15761258
14689962
14889800
14450036
14531907
14002813
13964770
14394403
15736013
15341419
14113844
14190511
13550153
14644659
14566499
14890466
16010573
14182206
13882447
14876401
13821521
13723189
14560861
14107155
16076984
14260793
15139059
14605539
14483898
14625589
14338034
16731679
15044234
17070049
14740687
14701885
13964050
14683491
15089436
16096094
14369818
17673430
15355366
15545795
13869033
15960986
16577710
13786974
13637887
15435496
14053245
15937297
14606486
16319345
14698053
15923115
14261129
14251051
14314897
14481570
15021509
14046383
14127223
14946697
13392971
13886559
15148751
14686345
15311289
14184616
14053659
14901980
15031558
13744896
14892168
15103205
15033595
16023555
14063729
14863133
15302821
14294583
14310368
14704970
14463608
14392922
14910887
14096953
14988481
15802410
14556964
14398465
15008222
13368368
14538947
14435375
16798656
14890703
14161448
13492434
14432681
14920834
13897261
14848749
16445507
14093615
14428428
14531273
14403513
14423068
15970606
13960920
13753985
14008824
15135072
14272733
14707934
14971262
13989404
13600700
13697258
14319819
13892389
13845608
16178288
14966416
14316492
13950451
14122189
13750910
15681270
14205873
14283402
14241970
14225184
16436921
13731559
14822470
15009452
17965585
18833135
14635932
15642983
13565671
14172924
21705579
15059008
13846682
14391452
14942094
13842143
13990693
14017700
15544297
14432061
15272991
14565051
14123712
14745269
14177182
16022338
13672292
15728806
14220087
14315513
13924237
14719463
14409370
14501565
14656046
14819634
14239200
14766598
14884534
14642024
14794626
14231082
14964349
14493325
15298079
14695313
15054953
14656705
13977602
15269889
14101608
15192494
13853871
15965137
14552716
15121225
14293977
13947829
14290028
13878018
15286316
14429863
14284865
15039605
14229576
14144165
13425330
14098608
15822186
14177338
14873741
14409454
13543773
16515553
15467209
13616652
16918033
15721217
14690591
13881182
13783807
15598770
14817575
14290779
14106119
14488130
15636914
13079806
14665787
14375108
15002268
14069228
13557447
15147528
13952307
15709794
14420087
15537660
15526259
15614461
14499471
15444385
13861154
14541929
14484970
14641545
14644183
13870174
14595974
14422000
14152765
14231259
16338712
14178365
13893006
14371340
15194501
14439035
13665934
14911319
14118097
14523059
14285214
15685441
13925183
13679233
16856600
14011115
14709699
13981090
14898419
14951555
14755212
14249099
16216492
13681966
14484636
13941387
14047310
15177645
13486368
14537395
12816534
14271841
13874513
14471454
15386274
13863445
14060271
16224749
13805325
15172230
15383488
14493061
14153230
14156767
13608049
15110369
15613753
15363312
14893395
14718368
13678187
14188225
14159058
14344462
13909356
13718828
13974553
15408259
14391996
14806344
14703920
14378592
14653809
13843625
14037474
13635536
14760806
14176008
13812507
14071709
14208631
14092110
14594621
14940079
15182582
15026762
14735542
17277400
14119396
16591101
13481104
15104944
17244828
14992754
14246429
13997609
14313973
14146330
14769200
13637244
14335578
14284864
14418067
13882218
13977727
14141980
14628974
14940035
14083059
14606371
14142424
14337187
14291129
14864989
14475385
14991947
13635633
14651461
14196081
14935269
16043396
13728405
13750829
15070418
14296236
14177877
14252703
13922627
14576507
15019051
14793929
13929731
13741055
15210052
14217354
16430842
14087056
14478088
13368035
14006192
14407412
14767882
14287244
14887802
15516571
15134157
13396096
14488459
14484489
15138253
13913256
15003971
14805740
14859107
14186409
14537045
14289259
14382599
16866724
13943801
13495161
13945910
15618038
14604639
15238119
15038651
15146661
14342072
15491466
14951697
14629255
14761166
17316936
14836564
14546077
14261629
14030966
15471308
14485366
13822043
14245842
14297674
14468169
14429080
14166773
13841290
14460745
14128778
15435174
14889549
19330078
13738729
14278619
14927934
15597212
13858041
14553525
14774896
13786723
14073639
15041651
15159195
14067223
14985555
13825317
14108954
14192141
13581278
15568609
13577649
14095384
14305635
16040790
14533832
14503351
13918232
14202627
15460885
13922069
16957196
14912013
14905658
17167446
16674060
13835028
15245432
14951027
14657536
14143409
15479074
14365626
15414731
14452328
14206067
14157852
14799247
14582841
14799751
14222288
14451119
14655963
14147800
14257078
13458386
15524093
14319903
14176090
14785615
14761597
14983832
13982206
14682675
15599424
14875282
14568502
14244259
14675389
14707444
14389578
13532374
14308941
15518637
14471236
14827737
19782362
14934495
14706558
14127090
14037807
13692436
16056402
14063562
15776768
18477816
14353725
14006765
13808798
13495112
14927806
16308145
14687857
14438029
15505764
14314017
14828377
14502131
15924511
15437411
14940235
14107767
14222322
13954460
14344524
14556794
14414577
13616505
14827680
14230759
14361318
14062286
14057392
14678557
17370425
14192821
14548318
15110295
14002831
16010807
14515537
15727542
14686268
15178944
14602051
15315829
13985998
14852325
14579290
14924191
14525402
13734460
14101919
14701819
14794265
14551224
13782547
13828361
13655462
14996836
14157450
14171646
16349891
14860935
14744729
13283248
15014032
13873968
15681879
14548322
16043904
13999901
14984784
13756148
14615620
14170430
14181966
14407859
13806971
14705951
14405184
15747393
16716886
14939546
14474981
15553819
13780860
17192564
13629722
13776226
15208430
15083758
14096018
16257208
14274728
14229414
14804127
14836638
14652662
14123197
14980587
13626482
13663193
14262721
15496506
15003492
14524612
14131080
14122461
15760082
14188760
15114280
14868173
16382577
14036615
13743097
14967159
15159243
14331991
14279981
15570284
13898490
14719339
14337301
13970619
13664834
12257156
15483665
15124345
13689515
14843500
14037495
14083469
14687426
14115183
14817494
14213420
14276512
15687169
14055843
14799034
15408140
19041145
14597733
15239503
14550943
14699623
14667533
16255336
14631073
15462516
15019802
14146708
14492717
14290659
14784389
14586938
13580386
14024416
14761786
14379680
14445138
14859208
13998714
14628024
12952517
15065854
14146840
15184519
15105154
14800373
13322933
14743650
16457833
14236561
15200777
13993945
16281340
14580152
14298016
14475720
13911673
14061489
16104365
14622880
14196090
14107488
14607342
13643369
13891593
14549904
15173468
14976094
14168765
15348832
14601431
15413678
14058213
14705886
14827015
14228496
14278332
14031134
14074000
13960435
14402110
17295611
15129475
14134548
13852923
14570682
15531223
15827988
14663619
15976949
14841688
15901122
14046007
14369457
14442985
14887098
14618322
14168420
14384638
14103193
14608173
14015352
13665177
14313735
15831298
14186004
15007102
14352458
14118435
14131918
14908339
19964462
14499952
13963853
15311448
15578074
15302643
15206873
15107038
16038670
13774276
14860879
14284944
14542170
13498154
14540334
14795995
15854221
15204285
14071024
14599217
14431456
14764782
14103850
15650493
14464479
16268898
13770177
15242446
13976641
16297068
14279653
14209750
14021994
14474160
12571417
14764122
16555935
14102868
16000195
13579151
13868261
14637975
14701481
14859296
14236729
15313219
14437984
15593479
14304325
14478091
14718981
18664349
14187323
14229012
13918759
14766932
17307917
18422210
14201235
14593576
14544923
13709937
14532989
14282948
14199234
15250200
15655344
14205071
14524376
14261368
14811690
16135564
14475131
14421079
14879578
13896285
13998292
15379156
14118857
17428877
15642515
14625725
14286763
14194913
16435899
14566850
13414816
14645730
15789652
14211529
14244558
14759168
14352705
13490689
14626260
14901312
13979109
14613533
13991191
16053952
15425419
14975259
13940002
15012173
13792740
14646815
13608335
13948908
15157267
14667676
14379118
14268737
14730655
14379183
14172288
14440300
14683290
14361311
14710202
14136400
14943423
16598868
14384904
15629327
13886456
15617901
14220601
14950670
14839880
15887628
14971837
14546008
14774783
14178145
15341287
14824893
14182343
14544397
14342430
13847753
14330512
14749070
14841233
15004051
14933559
14057711
14038995
14227383
13700818
14650919
14172549
13514869
15710870
14617489
14258692
13791901
14573054
13956893
16395471
15859455
15180386
14125168
14788990
14555159
14277287
13694702
13924541
15297448
14898982
15025209
14071179
15043337
15864300
14076804
14135232
15194999
13987620
15478559
14719361
14628429
14622075
15179622
13650318
13650114
14564929
14071245
15558635
14088156
14231140
13809925
14170538
14934073
14487724
17151068
14374399
15094083
14197306
14174034
13995392
15283249
14424186
15970582
14498768
14903178
14144565
15549522
14427996
14188324
14396821
15000888
14019238
14899956
14317624
14323825
16277003
14361279
15397776
14599043
14596152
14602303
14435821
14226888
15082535
14729054
13361399
21616565
14103388
14578229
14065203
15087453
14217109
13945285
13666991
14250859
13889202
14571862
15192161
14668605
14736059
13660542
14355907
17625784
14217361
14593111
14445434
14079883
14343062
15948836
14418135
15328829
14519410
15073327
14330695
15042261
15609748
15195924
14242916
15218651
14923659
15689763
14560043
14785703
13938964
13758979
15510068
14279618
14959265
14590906
14733246
14356443
13636096
14916181
15924015
13998779
14343221
15207914
18721792
14957608
14730607
14012397
13994292
15644453
14149307
14395660
13812356
14427549
14992157
15222572
14239121
14257654
13693056
13642958
14317006
14666174
15647849
14819186
15399202
14944066
14380833
14290066
15133449
14401043
13686679
14377741
14402998
14315650
14403674
15361223
16929279
13957039
13733834
14451286
13876722
14304186
16680858
18111854
14670883
17229692
14039043
13663609
15915148
15287165
13816098
14695342
18772683
14316724
14344804
14015353
14615109
14080703
14024076
15282916
13720864
14345994
15158070
15255434
15862650
13833170
14343170
14935009
13851182
14242337
15538713
14338516
14900997
15430801
14397823
13744635
14596185
14279459
16008650
14459347
15288741
14772710
14585590
14480212
14298370
15584164
14574387
20844922
14596132
14493182
15184228
14868357
13602960
13574210
14399692
14278417
14650618
14196103
14446773
14957719
15106706
16966848
13586516
14398949
15061835
14503225
15268285
14386850
15989681
13971697
14513250
14562867
14279183
14538991
13889332
14381053
14403994
17378209
14262096
15365663
14066029
14152301
15281329
14062859
14123957
13837785
14096461
16054140
14985796
13796474
15012469
14694518
15636100
15972124
15657728
15875273
13762998
14226331
15291586
14660454
14457557
13897846
15645825
14614794
14579989
15422167
14526251
15109186
14228375
14279545
15460455
13927264
14590651
14655008
15459694
14443882
17442224
15137124
14475169
14690049
14598631
14024079
14768848
14262138
14831627
14993370
14760279
14162797
13550672
14546860
14443373
13613672
14158272
14714619
14080699
14710938
14121711
15900144
16101037
14477197
13940180
15079581
14722074
15071463
15268934
14369264
14646129
13506166
15085757
14677777
15624661
16077394
13832579
14051596
14938222
14877613
14062493
15189662
14016456
14515853
14209177
14283172
14610701
13746472
13563198
14016269
16502009
14020682
15927872
13733460
13971544
14277967
14781859
14987302
16436629
14098915
13777741
14947157
13806860
14899790
14097711
15042587
13873662
14263443
14350473
14721126
13712329
14293911
17438767
13975353
14166571
14477582
13796056
13584174
14305224
14628764
14841185
13672084
15142981
15118233
14058682
14033107
13661708
14563380
14140944
14125252
13917706
14601230
14610013
13046343
13748064
14834224
15245753
15236094
15471424
14618105
15165043
14476695
14628577
14818320
15257012
13493875
13830025
16205543
14765557
14420421
14547955
13968870
14131673
15548072
13954675
14281660
15166148
15173499
16429598
14615110
13769666
14181259
14187107
16126526
14953556
13992445
14096546
15374095
15386655
14760949
14731233
14993627
16099923
14773421
14007601
14346575
13985180
14214309
15148501
16275170
14143113
14440884
14028053
14330090
15420623
15240134
14102178
13846364
14599653
13507421
14891397
14098023
16611166
14380354
13824019
15139922
14509969
14818472
14128414
14422325
14160001
14984060
14006520
14924556
15752793
14470237
16774139
15720039
13955067
14094955
14202782
13814665
14764548
13826549
14892204
14644117
14153466
13788038
14275758
14763100
15047513
13917850
14668269
13640355
13514948
13706282
14287524
14866465
15060521
14036731
15279304
14091651
14749943
14061115
14095731
14648166
16307584
15116316
14394707
14304911
15140226
14202915
14405888
14233037
14680249
14787741
14520653
14332628
14186990
13818333
14797598
13966615
14875942
13438803
14388521
13661852
13924844
14032172
15587835
14673058
15783591
14317673
14076059
14212286
14119819
14746266
14490701
14003880
14190922
14664774
14221747
14065032
15679212
15052724
15253655
15204610
15774173
14063478
17723353
13856190
15206982
14300888
14335351
14331251
13764606
13522284
14702533
14768242
14381683
14242163
14375691
14138084
14348031
14066845
15404002
13734084
14704242
14264302
14428715
14690467
15323666
15710557
14443590
15381379
13774729
14576968
14218494
13454834
15172713
14415349
15466486
14627822
13779838
14504262
14379855
14023441
14115716
16215955
13890659
13922831
14566532
14694574
14076382
16417635
14302202
13853686
13902366
14540892
15148931
14295566
14642355
13738304
14608177
14906012
15009263
14167602
14703422
14072757
16609687
14668677
15216480
14194295
14302473
14433930
14332061
14696435
13808445
13911458
14037278
12853430
13896691
13808096
14938212
14320624
14184576
14740110
13824742
14246102
15055673
15618692
14678031
14615557
14788855
14712193
13990829
15646317
14813602
14486724
13909204
14371537
15120690
13080110
13822585
13912910
16055392
13891740
14996659
14958390
14752150
13862902
13892717
12676021
15089338
14994983
14094640
14652079
14504802
15137557
14630345
13941743
16551057
14439399
13622715
14077231
14387132
15046124
15435854
16550970
14830559
14137228
15224742
14234421
14070847
15955231
14341147
15584687
13778030
14223457
14181762
14216135
14002134
15010565
14399022
15438179
14894208
14916588
14431260
14204829
15333323
14527657
15773621
14134058
13960063
15590728
14928817
18286260
14363938
13825161
13870518
14082332
14087671
14840080
14871581
15577154
14317062
14227039
14942896
13805667
14611344
13735565
15407619
14296052
13895591
13524452
14171533
13674705
16274914
15368145
14402233
15368043
14725659
14523986
13989477
14892060
13932681
15821234
14412495
15077810
14639004
18384404
14600480
16183365
13943836
15433761
13705941
14212676
15402628
14090192
15070893
14086308
13846781
14210179
15457774
14345060
14792985
15431186
15214348
14731887
14615510
14957137
14149461
15844697
14185205
16083461
14135995
15891398
14217045
13889921
15370545
16368579
15410748
15272277
14201844
16046264
13714567
13809108
15661084
14343894
14966673
14270299
14838290
15244266
15116960
17492296
14619532
14149485
14097058
14242686
14811624
15059185
15110470
15190053
14295132
14554615
13744337
14199494
14972064
14226627
15114571
14334393
13450946
14347395
13792712
14315438
14103135
13802786
14176582
17309813
13531013
13751027
14767461
13210221
15104325
14954139
15218048
14932455
13873317
17297784
14334956
15124774
15335374
14256876
15207462
15140752
14519588
14070842
15464911
14938029
14736260
13615451
13761610
14262145
14433648
15374502
15089885
13612432
14000833
15113560
15703379
16048036
15240380
14629337
16123586
15177937
14604210
13173145
14645365
16140196
15917998
14468395
14682455
14598530
14775238
15468244
15183570
14500620
15296088
17092747
15362564
15329338
17373723
17383917
16956516
14863478
14963826
16370087
14409041
19337700
14378386
15842428
14356103
14599194
14692782
13991809
16967336
16938058
14491040
14917558
13851665
14356411
15006869
16015837
15650845
16018767
15510862
17040315
14743752
13869799
16120821
16586129
14478139
13976653
14813997
15292180
15464907
14981612
15495785
14525362
13280066
14499201
13983335
14360520
14478871
15389050
17318234
14818515
15004699
14726452
14006405
14412192
14133713
15129487
14791207
19126207
14316908
14391601
14800574
14357421
14113261
14959177
14513962
14946201
13775100
14102860
15408805
13626658
15294244
14707361
16015739
15766822
14971818
14123254
16381884
14638486
14901750
13754308
15522584
15774586
14084366
14187329
14498021
14164760
14280719
13743358
14234465
17290416
14356486
14601652
14142886
14094346
14248386
28852665
15109912
14002483
16080985
14422898
14390861
16504647
15976360
15476853
14764964
15909702
15780290
16532306
17557209
14925865
14934430
15322237
14748020
14516859
14500400
15312440
15115232
16184098
14493133
15303446
13919537
14250094
17571999
14929463
16032559
16133435
14129993
15145606
15546515
21414547
15906734
15917896
14665075
15353955
14155031
14685831
14856658
15893022
14418691
15300823
14230536
14178186
13935395
14792597
15316480
17398659
15328811
14493088
14588438
15111531
14394180
15585873
15240504
15292477
14120187
15696144
14345791
14109137
16801000
15751026
15119079
15319532
15708241
14364615
15684137
16748843
16058890
14687187
16292250
14429566
15205800
14910328
14620671
14895897
16915902
14456426
15104913
14386755
15604435
14989249
14742681
14749417
16096190
15180385
15165118
14296698
16944444
17226845
14922645
14810713
14658906
17094556
14130109
15251197
15543174
15445069
14848772
14310497
15645846
14111852
16615193
14778571
15413331
14747919
16728691
13832708
14201219
15416606
13636669
14961491
14985721
14629751
13822998
16094711
14441360
14630275
15202414
14598084
14645411
14401923
14540453
15564755
17070614
14894966
15115424
14571944
14227461
14120491
15728814
14264304
14581545
14061761
14976836
14116582
15694113
15194992
14640208
14813926
14608319
15229898
14734943
20867153
15253848
20890772
13940153
13899775
14431741
15315325
14667508
14657128
14499026
16518826
15345374
15641112
14881925
14369509
16009708
16289181
17355756
13938979
14832336
14976179
13570242
15765186
15871762
15157375
14472017
14350479
14933788
15131461
14613889
15217533
14350478
15266950
14474577
14037999
15406062
14680451
15835680
14666510
14573279
14545697
14293534
13712696
15476894
14436319
14572119
14406728
13832216
15057493
14600371
15568576
15187546
15074715
15476948
14489458
13493813
14942601
15071773
15330670
14922650
18591089
14875479
14217966
14859790
15957417
15126468
14114333
14390201
15344305
14468773
15878445
15520524
12304839
19240015
14324781
13959633
15984880
15716948
15492014
16849747
14178532
14248153
14707607
14649223
15758295
14918127
16163461
14385891
15504104
15042960
14613759
14801007
15603955
15757200
13998546
15258939
14694526
14909741
14274145
14903291
13984903
14867495
15851255
15827338
15591727
14204004
15352218
15102023
14014291
15156442
15222028
14514540
14961665
16271110
14486854
15500988
14844277
14308294
14558781
15950159
19700728
13845315
14117856
15216427
15053436
15844945
15085013
14908560
14743719
14561974
16095048
14647387
19838365
14642784
15419818
16377527
14592852
14794653
