Lenna.jpeg
20569940
17319495
16057118
17546796
16346232
18231029
16624598
16065814
15852815
15874255
16068465
19601595
16375635
18026785
16814663
16296420
16011277
16333801
18615455
18934567
16166252
16944334
18924206
16139972
20229726
16173756
16740664
16032165
16324746
16777571
16201016
17451015
16572098
18782452
16808727
16751364
21629825
17877215
20010337
18908831
16604555
16002104
16183816
16763757
16890845
19309596
16012746
17332070
20509608
17377109
16510513
16288063
16334317
15904961
16784554
17964163
17711501
18034901
18373583
16444424
15443961
16862296
16800426
19778492
17996505
16006021
19045602
16010307
16689055
16093566
21617518
18101366
19143923
17192975
20955380
21759207
15945803
16614234
16022259
17412156
16466927
17111609
16149605
16177935
16379511
18834169
16624438
17929631
16394622
19098435
18471746
16527480
16333422
16291344
15660434
15773532
16530804
16067034
15728509
18374611
16148462
16866033
16460486
16153005
16936038
17308272
20830297
19884566
18331782
20278845
16579765
17479901
16971333
19223921
15925774
18260258
16406794
21407693
16346366
19200079
15637887
17594699
16456405
16288757
16577724
17191373
19943466
17603821
16068473
16718866
16197533
16073204
19997830
17193748
16664496
16249716
15967286
16753041
16454291
15975774
16658142
15830216
18312850
16862967
16908403
15529640
16087604
15919176
17920475
16712826
19732391
17000294
16464767
15785371
15897828
16547451
18594216
16763458
19482559
22675542
15553042
16239897
17566072
19005808
16333907
16687031
16310002
16419785
16602799
17534966
18975463
15547846
19206989
16099537
18942990
16898162
16178026
15879899
15923469
16295476
20215957
15950632
18853109
16213138
17101912
18391685
16331983
19200877
16684822
16530394
16558625
16530403
15866901
17157588
16026542
16428741
17472049
18639308
16483789
21403844
19227271
16273083
21758079
15824770
17040887
16370284
17672996
22685296
16029834
18421038
16058698
16418833
21461736
16156833
17731713
16102651
16745352
16805119
16203558
17527114
16239828
19432419
15819598
15973605
18208178
17610338
16672485
16021642
16767796
16314546
17067610
16432864
17923237
16788096
16466645
18508459
18637157
15866924
17706748
15872447
16321918
18432418
16811298
23408459
15747510
19020149
15936207
23806956
18763456
16254888
17458560
15723034
16760872
16413424
18842839
16068244
16917896
15568015
16604271
16394353
16488471
19395809
15898383
23126993
18555022
16188081
18858241
20101580
16231840
15645325
18205197
16380256
20382570
16606486
15838345
16393457
16040729
16272029
16994075
19775847
16518700
18333678
16220458
15440172
18117162
16443894
17457480
19983321
16190758
17352406
15702723
16320260
17279186
16901826
16185793
16630874
15826620
15831266
19703734
16812631
16161636
16411057
18418613
16140014
16807289
17024203
16445945
16506096
16539419
16516165
16613188
20880342
16084161
16115865
16268422
16635414
15945601
15995907
17766095
19569798
15926802
16457255
16504250
16341427
16799830
20465211
17786022
19422925
19416677
18094795
17058506
20565187
16764268
16091532
18858724
15967506
17483490
17217543
16190795
16221608
16369239
16015081
16243556
17115452
20808266
16620665
22806515
16249997
19725760
18133536
16986274
22243433
17751001
17387250
15673561
20018690
16194129
18573351
16008169
16406460
15738891
18782641
19521225
18541358
16458283
18369530
16226938
17337912
17079949
16418878
17623155
17046112
16102954
19273955
17109132
16746028
15756147
16919843
16043496
16769644
19487524
17301211
16369524
15985223
16413985
16119068
16198839
22093798
16201636
19442086
16408806
16840993
18631538
17176583
17425134
19745693
15917704
15589960
20068432
17688372
18648408
16066691
15678874
19584563
17261803
16822620
17864190
17146418
16302733
15979231
16119426
16232020
16079752
16749947
16453276
19464412
16105532
19635090
17878172
18751773
15217023
16538194
16067703
16084891
15811534
18341746
18906019
15951400
15666971
16007896
16471066
16163503
18154169
16115369
20651782
15921779
18402662
17844179
16152110
16360273
15855405
16735249
16322402
16014967
16704780
19786630
17742927
17587815
15965531
15723862
16042405
18540669
17419544
19040259
16107390
16721596
16195701
16308372
24117013
18000506
16754985
21016772
21849094
17824564
16105031
16041078
16110390
16052739
15781035
17922529
17683922
16150412
15739713
15905748
16370039
16285890
15881911
18564653
16623461
16950729
16679130
16850694
15497317
16808115
17252983
17898514
15950555
16137859
17364718
16443662
15424535
17932504
15891999
17259976
15859928
17277761
15856929
16315789
22877087
16407739
17061708
16433862
16162721
16015661
15951796
18149502
18718010
16557439
15866112
16264690
15896694
15845261
18468844
16271070
16187906
16387807
16119141
16075903
16784737
19202827
20205933
19276120
15947911
15961312
16263971
18186301
17880755
15898377
18506853
16089107
16262170
16898301
16817822
16614055
16631783
15550708
16656174
16057018
17717098
16433380
16059594
16578074
17249518
19087496
16390588
16319885
17691787
16254585
15992734
16851619
15900780
25926910
17895206
16176959
21976351
19731686
15847646
16799967
16256168
16866047
16410239
16466710
16158135
20401598
16040044
18586490
15744398
16355712
15894994
16234255
18300099
16737097
16536537
16611066
16358612
17107077
16592343
20753142
16202616
15847340
16501740
15900623
17379602
22676005
15927141
20442289
16613613
22330065
16117513
20426642
16158104
15997728
17001180
16191645
19640115
18547385
16735047
16745738
16192977
15865128
16120194
16845266
19548451
16536557
15681631
16338718
15900628
21022235
20197323
16336992
17029954
19326986
21073595
16518085
18883819
16528164
18661624
16202566
16314425
18819610
16640459
16497168
15853751
16401476
16705628
15795130
18772185
16317268
16625397
15999462
15997381
17301682
18971091
18915128
15704596
16499665
16683680
15606777
21228922
19906176
15812721
16447546
16571854
16773976
17052864
19349907
20022699
16786474
16492660
17812955
16552136
16807434
15879698
18582226
15869209
18220285
16027296
18671442
16126033
15837539
18154774
15807453
16371370
16719169
15971712
16291250
15856574
16068526
17230871
16037836
20528229
18047850
17078145
20615532
18477636
17077645
16921337
19182357
16309744
20700456
15697267
18368382
19379226
17136798
16247425
22525826
16318884
15755613
17352722
20384429
16677468
16036259
16115618
16166330
16413245
16446338
16825088
15976417
21202392
19129576
16668789
16159933
16133361
16668715
17490214
16623525
17743402
15856479
16908914
16270364
16637506
16004247
17086811
23461608
20445951
16647944
17103237
15679315
17568916
16490981
17843952
16583100
16389832
15900546
20046434
21042994
16383736
17074981
16069243
16793553
16059113
18823569
22079049
18745300
16552153
17810296
15495099
18145925
18835920
15834146
15832437
16484521
15696648
15478342
17921953
19675300
15804725
17222179
16352742
18941949
16445705
18626032
16213416
16156140
15346845
18147407
18105190
18691928
15814983
16872990
15929606
16489073
15733316
18509882
18151872
16473401
15853637
17103402
15661686
16729284
21070298
16659546
16154586
17031132
16081834
16410871
17585218
16746272
16326656
19296109
16308793
16847686
17011465
18523890
16644931
16649598
16044403
17520859
16470851
17387418
21702264
16992052
16776119
18395779
19292150
20933006
15805932
18089646
16275733
19092734
15801172
19327023
17134479
16748869
16109436
18209899
17403713
16337799
17351785
18170112
17579609
17370312
19462048
19595071
16292922
16113715
17021330
17108175
15816732
22052705
20418525
21088326
16054422
19473152
18788081
16736688
17101722
16271095
16236659
16755603
15930228
16502669
17358415
16682686
17029538
16603882
17556959
18775035
16238329
16742618
16457467
18404545
16227652
16521781
16091518
16919176
16004096
16142946
18723606
16521194
17009514
18754582
16848953
16527006
15816474
17044737
19463752
19599883
17329592
17132413
16156454
17157063
18848642
16365450
16358832
16808906
16088974
15867970
16211017
17132823
16866095
15852874
15761646
15937026
20198494
16476297
15731684
15948837
15951585
16661795
16297632
20052936
16463202
17858443
15908410
16332586
15965144
19411074
16646643
17682807
16837877
15973226
16866852
17198266
19089440
16123788
20659974
16772816
15499708
16498162
15907219
16107633
19911739
17650666
17499243
16351616
19161247
16599528
16020499
17135612
16275833
16692683
16548609
17751512
15547550
16763633
16078116
16840372
21675673
20931850
17012581
22551525
16425944
17423495
17976906
22480719
16253308
16529507
17297385
16915558
16261927
15493114
18595267
16170271
17149537
16078445
16301355
17205610
18821535
16679827
15899912
17468868
15839994
16408771
16057638
16424207
17202508
16157076
16494912
18707940
17214959
16887784
18696322
15820229
17183628
15818596
16559268
17656930
18577318
16253435
20624111
16414217
24867835
17155449
15753026
15937301
16265872
17474523
18140011
19997669
16264097
16461996
16013852
17509051
16300523
19206051
15871723
17009762
16139886
15962310
17961547
19868405
15958841
16317453
17387440
16307337
16177604
19470491
17132562
16075657
16930870
19894357
15483752
17578998
19231391
18709903
16345312
18595004
17394155
21816593
